n01443537_247 130 33 601 404
n01443537_15253 1 2 268 314
n01443537_6967 128 15 392 332
n01443537_1282 4 37 182 111
n01443537_1403 58 10 347 296
n01443537_3752 91 23 288 197
n01443537_2563 265 110 1232 649
n01443537_7582 51 121 480 326
n01443537_14043 101 3 358 331
n01443537_10014 45 52 462 254
n01443537_3498 38 24 319 193
n01443537_10712 23 5 307 294
n01443537_11348 0 0 304 278
n01443537_2817 61 91 383 281
n01443537_7922 77 5 329 405
n01443537_755 76 39 249 290
n01443537_12079 95 65 499 292
n01443537_12715 32 0 348 304
n01443537_1450 0 34 140 110
n01443537_17187 44 82 445 324
n01443537_3775 35 55 323 287
n01443537_1968 4 19 70 69
n01443537_522 91 82 436 355
n01443537_21959 3 85 300 378
n01443537_1802 1 23 144 81
n01443537_7298 138 93 499 331
n01443537_2188 9 14 94 69
n01443537_483 37 58 319 233
n01443537_4756 82 59 419 325
n01443537_19954 67 38 421 291
n01443537_21724 87 0 415 299
n01443537_10470 87 35 354 333
n01443537_4240 73 18 385 304
n01443537_14541 144 0 414 365
n01443537_3903 25 45 302 214
n01443537_4079 9 17 132 77
n01443537_13422 11 82 331 392
n01443537_1549 123 12 321 279
n01443537_7868 156 49 499 338
n01443537_1066 89 34 698 312
n01443537_5219 74 60 450 324
n01443537_21801 60 64 498 254
n01443537_9204 120 42 426 296
n01443537_3926 186 12 544 363
n01443537_10569 158 33 487 304
n01443537_1715 0 175 624 588
n01443537_11582 0 0 279 148
n01443537_550 54 113 486 320
n01443537_10034 1 75 430 281
n01443537_3387 70 30 457 336
n01443537_815 39 52 327 262
n01443537_605 111 104 603 387
n01443537_8248 0 80 283 403
n01443537_2199 5 12 83 45
n01443537_3697 19 10 79 58
n01443537_6592 207 78 498 333
n01443537_2535 43 57 319 264
n01443537_16057 53 113 485 355
n01443537_15284 21 33 415 299
n01443537_11787 17 77 469 309
n01443537_4862 21 2 176 105
n01443537_12571 0 87 457 317
n01443537_8596 52 30 399 241
n01443537_1478 7 10 85 64
n01443537_1769 162 21 690 418
n01443537_4633 112 79 876 477
n01443537_2782 29 3 130 119
n01443537_2297 50 74 380 280
n01443537_20383 92 67 499 328
n01443537_3651 8 46 332 247
n01443537_15077 0 81 388 290
n01443537_1640 20 32 148 123
n01443537_894 26 12 156 89
n01443537_2625 32 46 458 289
n01443537_2068 34 54 393 310
n01443537_13668 63 53 448 374
n01443537_7768 65 31 420 413
n01443537_4702 16 0 116 119
n01443537_9799 217 81 499 332
n01443537_1330 57 54 310 255
n01443537_7475 40 1 379 320
n01443537_2711 31 18 288 234
n01443537_1721 28 87 319 275
n01443537_13121 150 2 469 342
n01443537_4188 36 15 321 191
n01443537_2249 51 43 389 256
n01443537_2333 243 1 891 704
n01443537_13218 113 69 480 333
n01443537_17246 1 96 284 374
n01443537_20722 52 35 436 238
n01443537_1359 18 58 351 259
n01443537_12525 93 58 437 285
n01443537_2684 41 48 333 288
n01443537_443 19 62 313 279
n01443537_1196 32 23 435 248
n01443537_6520 49 95 499 328
n01443537_590 0 24 134 110
n01443537_17158 82 42 459 302
n01443537_4232 54 34 409 345
n01443537_288 28 73 496 309
