n01518878_3488 116 14 377 363
n01518878_1330 184 68 499 332
n01518878_3499 78 78 271 497
n01518878_9767 6 177 270 496
n01518878_213 104 61 406 374
n01518878_4844 183 66 499 332
n01518878_3543 8 80 265 440
n01518878_1785 96 60 425 328
n01518878_1452 53 117 275 498
n01518878_202 75 47 319 446
n01518878_5276 43 89 392 353
n01518878_4384 147 2 404 374
n01518878_12536 210 0 466 332
n01518878_8750 54 42 344 374
n01518878_5941 138 65 396 498
n01518878_14002 22 87 233 476
n01518878_4853 129 39 422 333
n01518878_10878 93 95 331 456
n01518878_11783 45 105 264 477
n01518878_2661 46 77 315 413
n01518878_2280 121 29 406 334
n01518878_6950 81 27 397 280
n01518878_5105 82 54 388 373
n01518878_736 150 95 373 498
n01518878_7253 196 46 499 333
n01518878_4137 143 16 385 468
n01518878_12028 68 20 323 332
n01518878_2843 79 58 391 372
n01518878_6098 62 47 255 498
n01518878_332 100 34 392 333
n01518878_4184 138 50 419 333
n01518878_2528 61 56 275 472
n01518878_8904 113 113 468 459
n01518878_5506 33 43 270 413
n01518878_3657 98 24 383 332
n01518878_14762 80 45 357 329
n01518878_8844 63 27 240 498
n01518878_1253 98 51 332 428
n01518878_6347 142 37 412 363
n01518878_770 50 30 377 400
n01518878_2494 25 80 312 388
n01518878_4164 147 113 483 374
n01518878_7435 46 30 358 315
n01518878_1562 160 1 429 428
n01518878_2860 103 118 356 486
n01518878_1830 20 12 307 315
n01518878_9077 21 85 213 342
n01518878_37 46 67 260 497
n01518878_14310 49 117 464 333
n01518878_103 33 62 348 441
n01518878_2520 18 90 271 491
n01518878_3166 56 48 278 457
n01518878_6755 118 26 413 332
n01518878_993 176 63 373 498
n01518878_10939 72 121 466 465
n01518878_4094 68 42 339 371
n01518878_2324 84 74 371 371
n01518878_1902 65 22 250 481
n01518878_4841 88 63 363 372
n01518878_15161 104 85 441 353
n01518878_3659 89 47 443 305
n01518878_3950 162 66 445 331
n01518878_3941 67 16 345 387
n01518878_492 222 66 499 352
n01518878_3924 161 80 470 438
n01518878_3287 98 59 369 332
n01518878_4095 105 70 343 498
n01518878_1914 81 73 316 426
n01518878_3805 113 65 381 374
n01518878_4250 60 71 333 374
n01518878_1817 71 66 412 374
n01518878_2642 51 19 285 354
n01518878_8812 103 106 381 462
n01518878_7694 33 125 321 450
n01518878_5763 65 6 294 324
n01518878_12374 131 104 445 365
n01518878_12008 15 88 298 407
n01518878_1697 45 61 210 498
n01518878_8498 79 63 347 333
n01518878_12001 38 72 259 498
n01518878_7675 1 69 274 332
n01518878_4309 168 50 419 372
n01518878_4229 93 38 369 296
n01518878_206 94 56 433 374
n01518878_4391 22 39 350 330
n01518878_4479 136 27 368 332
n01518878_2122 38 125 255 451
n01518878_14659 79 87 462 336
n01518878_4778 184 27 499 330
n01518878_5148 77 38 397 399
n01518878_1889 60 62 332 498
n01518878_3958 79 1 370 374
n01518878_9274 77 67 240 497
n01518878_3718 55 80 316 496
n01518878_12010 140 101 405 498
n01518878_9805 50 137 240 498
n01518878_3281 2 134 332 373
n01518878_1092 0 0 336 386
n01518878_9576 30 84 250 286
n01518878_3536 104 9 411 365
