n01592084_7608 41 60 440 295
n01592084_3242 20 146 355 425
n01592084_5446 0 57 392 283
n01592084_2566 7 51 312 322
n01592084_4830 8 86 376 336
n01592084_4685 118 43 407 472
n01592084_1112 19 114 398 418
n01592084_7583 132 50 465 329
n01592084_313 106 114 360 498
n01592084_10690 62 81 322 468
n01592084_3655 7 61 326 306
n01592084_187 165 33 456 342
n01592084_290 22 60 365 333
n01592084_5129 0 56 316 413
n01592084_4310 1 103 356 332
n01592084_3490 68 85 494 310
n01592084_5024 94 67 482 261
n01592084_575 20 85 430 375
n01592084_3617 179 26 477 313
n01592084_7314 96 79 499 318
n01592084_5949 63 43 420 336
n01592084_1615 27 89 397 322
n01592084_1564 10 83 425 300
n01592084_4889 141 57 470 301
n01592084_2017 16 137 367 480
n01592084_4415 73 70 464 275
n01592084_7644 81 100 487 352
n01592084_350 147 32 451 319
n01592084_7649 99 58 426 324
n01592084_1570 101 57 481 308
n01592084_6372 149 16 433 377
n01592084_4727 23 51 434 283
n01592084_6456 46 87 461 403
n01592084_5453 58 56 328 496
n01592084_5342 76 56 396 467
n01592084_1195 146 69 464 317
n01592084_6007 93 46 369 451
n01592084_284 86 62 425 414
n01592084_2594 128 67 476 338
n01592084_3975 63 57 376 353
n01592084_2847 69 74 377 442
n01592084_2742 29 23 442 237
n01592084_4040 60 68 486 340
n01592084_7379 136 65 478 313
n01592084_3038 51 54 418 301
n01592084_6404 65 52 499 256
n01592084_4808 54 32 375 308
n01592084_7839 0 63 422 321
n01592084_460 22 60 387 303
n01592084_2919 56 23 291 401
n01592084_8041 4 81 383 346
n01592084_3093 9 52 406 305
n01592084_6001 89 66 470 275
n01592084_6604 81 67 418 456
n01592084_6308 57 99 469 294
n01592084_5643 44 66 351 316
n01592084_7574 86 71 477 342
n01592084_2709 151 31 403 356
n01592084_7253 18 42 335 349
n01592084_4138 139 31 392 332
n01592084_433 77 72 477 292
n01592084_2819 31 74 374 372
n01592084_4235 106 78 477 360
n01592084_7615 38 84 395 323
n01592084_2862 99 62 490 324
n01592084_2145 25 98 412 406
n01592084_4730 9 7 290 295
n01592084_1342 43 94 435 310
n01592084_1403 172 22 488 260
n01592084_3552 52 48 397 313
n01592084_1733 80 40 421 431
n01592084_1075 36 89 451 326
n01592084_6714 63 46 277 475
n01592084_563 155 55 499 272
n01592084_1273 0 50 365 280
n01592084_3746 126 55 453 386
n01592084_3660 86 48 466 274
n01592084_5394 69 94 408 357
n01592084_5834 30 105 368 403
n01592084_4424 61 61 366 304
n01592084_943 40 109 203 248
n01592084_10639 52 35 325 323
n01592084_6934 22 56 442 278
n01592084_2015 53 51 404 370
n01592084_3416 151 38 497 235
n01592084_3571 142 99 443 391
n01592084_950 109 103 442 347
n01592084_1566 24 72 362 300
n01592084_1448 23 78 339 350
n01592084_7534 122 37 466 310
n01592084_90 28 64 375 469
n01592084_3000 170 56 480 317
n01592084_5700 0 65 418 320
n01592084_6137 103 85 472 304
n01592084_1422 50 95 362 437
n01592084_3763 35 96 350 434
n01592084_5918 10 113 451 380
n01592084_3870 78 51 403 440
n01592084_6387 57 30 411 320
n01592084_9948 13 31 335 319
