n01558993_5325 160 52 468 356
n01558993_19132 0 23 342 220
n01558993_927 75 92 355 450
n01558993_9891 17 63 411 382
n01558993_31 23 68 444 267
n01558993_5092 108 55 446 338
n01558993_17182 105 44 395 329
n01558993_18884 116 101 394 498
n01558993_1126 76 42 471 355
n01558993_2203 99 55 454 322
n01558993_18151 94 79 390 489
n01558993_2498 120 61 450 412
n01558993_7147 156 107 499 381
n01558993_7628 147 50 458 313
n01558993_2550 159 65 472 326
n01558993_17393 25 51 319 398
n01558993_3367 0 84 331 374
n01558993_8858 102 98 384 487
n01558993_5049 88 65 315 448
n01558993_682 73 65 338 433
n01558993_8177 67 111 297 452
n01558993_9341 94 94 491 390
n01558993_16031 48 96 396 466
n01558993_11900 72 75 292 465
n01558993_4806 26 70 375 438
n01558993_1386 9 53 461 280
n01558993_5979 38 45 348 331
n01558993_5552 27 71 364 357
n01558993_2988 130 37 422 361
n01558993_4258 17 127 266 446
n01558993_7804 68 45 347 384
n01558993_2866 162 103 499 366
n01558993_4307 62 102 317 410
n01558993_6941 107 125 342 470
n01558993_10351 42 67 329 374
n01558993_5762 150 83 453 404
n01558993_2404 55 105 371 400
n01558993_17617 71 46 373 302
n01558993_1712 85 57 352 491
n01558993_9271 36 55 383 277
n01558993_6135 114 69 451 368
n01558993_5065 136 116 471 374
n01558993_9306 26 49 381 300
n01558993_16002 96 59 464 263
n01558993_6423 113 74 425 380
n01558993_2052 76 83 369 498
n01558993_2370 110 80 408 455
n01558993_13064 0 125 312 470
n01558993_7630 96 35 404 337
n01558993_6410 87 65 323 498
n01558993_8512 120 98 499 293
n01558993_1300 166 110 496 354
n01558993_11114 58 33 360 374
n01558993_5976 138 47 393 483
n01558993_3674 132 24 465 300
n01558993_6220 196 58 497 338
n01558993_7116 75 116 453 413
n01558993_2566 96 57 321 456
n01558993_3350 46 52 392 318
n01558993_11649 62 50 333 458
n01558993_13382 44 26 358 343
n01558993_4134 131 92 499 374
n01558993_4297 13 100 367 413
n01558993_14463 69 44 407 317
n01558993_8876 93 54 499 281
n01558993_3466 175 29 426 324
n01558993_14526 88 63 275 486
n01558993_17088 16 76 331 430
n01558993_6547 101 100 335 498
n01558993_2752 149 96 497 349
n01558993_12922 58 104 460 312
n01558993_5662 137 18 368 374
n01558993_3197 58 107 367 373
n01558993_11089 85 60 330 442
n01558993_6907 175 56 449 366
n01558993_3733 21 36 380 303
n01558993_10931 47 47 340 433
n01558993_5406 157 76 423 420
n01558993_3229 105 17 401 460
n01558993_11489 46 38 386 316
n01558993_427 81 86 484 301
n01558993_11984 116 74 434 345
n01558993_85 77 167 309 498
n01558993_15058 42 67 263 418
n01558993_1770 23 34 355 401
n01558993_1493 80 87 425 327
n01558993_9009 31 91 357 385
n01558993_11666 0 54 418 312
n01558993_1608 80 108 381 390
n01558993_7367 57 91 468 372
n01558993_4375 77 115 363 425
n01558993_10606 66 10 300 272
n01558993_2091 117 59 468 389
n01558993_19459 81 71 469 348
n01558993_2336 86 76 461 433
n01558993_9241 59 57 321 368
n01558993_2568 122 115 493 311
n01558993_8499 17 75 325 453
n01558993_11326 139 40 414 294
n01558993_3757 30 53 288 376
