n01663401_10066 73 54 388 350
n01663401_3679 0 122 280 460
n01663401_3538 108 65 447 338
n01663401_2544 36 73 413 318
n01663401_2753 120 92 468 357
n01663401_57 35 72 474 282
n01663401_2376 0 121 282 460
n01663401_2416 80 26 364 364
n01663401_3063 100 0 460 269
n01663401_6427 8 117 463 311
n01663401_727 2 77 448 256
n01663401_8251 44 69 436 293
n01663401_10394 126 22 499 261
n01663401_5691 1 85 416 294
n01663401_3125 183 22 498 307
n01663401_5789 139 1 499 216
n01663401_5270 108 3 447 310
n01663401_11988 67 51 393 372
n01663401_8282 52 122 398 361
n01663401_3796 125 43 470 150
n01663401_11567 75 135 441 330
n01663401_9186 12 144 393 352
n01663401_5481 45 22 400 327
n01663401_6919 1 147 499 306
n01663401_8690 0 86 479 238
n01663401_3244 86 50 355 290
n01663401_4663 0 0 350 278
n01663401_7330 3 50 372 260
n01663401_8465 0 72 397 320
n01663401_6596 162 41 497 399
n01663401_4314 93 52 477 354
n01663401_1415 33 75 468 225
n01663401_8076 69 130 479 307
n01663401_11365 79 26 461 297
n01663401_6178 134 73 428 288
n01663401_6208 0 116 200 425
n01663401_10283 111 83 410 308
n01663401_8499 73 90 499 370
n01663401_3775 73 242 338 498
n01663401_349 22 87 441 247
n01663401_1658 73 81 494 368
n01663401_10158 106 55 442 231
n01663401_8261 82 46 482 349
n01663401_9402 70 75 384 298
n01663401_3035 38 37 499 247
n01663401_3815 0 0 327 375
n01663401_2733 100 66 499 374
n01663401_1285 58 34 499 270
n01663401_1464 1 76 417 374
n01663401_9363 22 30 499 291
n01663401_1392 79 113 478 264
n01663401_10939 89 68 499 174
n01663401_2923 61 110 320 350
n01663401_11208 91 50 371 272
n01663401_11232 17 19 449 264
n01663401_10341 67 125 329 356
n01663401_3024 36 84 494 199
n01663401_4914 46 58 492 172
n01663401_2637 191 0 477 180
n01663401_2917 59 90 329 302
n01663401_807 167 63 484 242
n01663401_9046 105 3 373 497
n01663401_3643 88 125 383 307
n01663401_2310 63 116 374 269
n01663401_11192 69 106 422 240
n01663401_10776 77 109 414 266
n01663401_11954 24 104 302 293
n01663401_3093 66 55 499 332
n01663401_6600 39 0 479 307
n01663401_2499 41 116 412 255
n01663401_730 3 97 498 376
n01663401_8367 21 37 489 309
n01663401_4269 1 51 438 331
n01663401_309 65 132 364 295
n01663401_12054 108 59 413 200
n01663401_11120 65 62 337 232
n01663401_5298 121 153 415 308
n01663401_5405 110 1 499 369
n01663401_2492 0 1 499 289
n01663401_1965 0 1 393 374
n01663401_8291 241 146 410 374
n01663401_6379 220 91 465 201
n01663401_8171 216 110 499 222
n01663401_3701 61 27 499 374
n01663401_3881 3 17 373 430
n01663401_8444 0 17 499 324
n01663401_1069 12 23 385 492
n01663401_2306 108 226 382 348
n01663401_10255 238 67 497 196
n01663401_11502 20 47 499 374
n01663401_3396 212 95 446 250
n01663401_3543 218 26 427 170
n01663401_3349 198 96 408 235
n01663401_2478 0 32 352 498
n01663401_6623 2 45 499 340
n01663401_1997 129 192 372 291
n01663401_1755 158 97 327 223
n01663401_4876 20 13 479 280
n01663401_4536 60 0 499 373
n01663401_4158 146 143 312 275
