n01613294_6850 95 51 439 255
n01613294_11038 36 54 364 267
n01613294_9126 92 34 388 425
n01613294_3395 62 78 424 341
n01613294_2791 45 83 383 333
n01613294_1751 98 36 347 463
n01613294_3953 90 88 353 461
n01613294_10183 80 60 392 332
n01613294_6234 65 46 396 311
n01613294_10913 51 64 386 350
n01613294_7980 8 84 334 332
n01613294_663 95 54 483 301
n01613294_4161 239 0 498 406
n01613294_3119 22 95 326 421
n01613294_9894 194 64 483 385
n01613294_8071 72 38 364 311
n01613294_7900 81 83 432 331
n01613294_4209 94 75 399 332
n01613294_9705 13 42 284 331
n01613294_10057 137 5 426 276
n01613294_4116 190 90 499 374
n01613294_810 87 75 430 347
n01613294_435 1 74 348 332
n01613294_3734 81 81 474 324
n01613294_4081 222 51 493 330
n01613294_3542 30 63 266 472
n01613294_6319 1 68 346 332
n01613294_4755 146 20 499 275
n01613294_4866 154 61 496 328
n01613294_4229 197 35 498 436
n01613294_455 52 83 320 392
n01613294_11236 105 29 383 248
n01613294_5407 36 117 410 452
n01613294_1963 93 103 499 333
n01613294_8167 21 92 456 252
n01613294_11487 0 0 382 244
n01613294_2436 75 21 381 260
n01613294_8395 57 95 455 332
n01613294_5977 22 67 401 330
n01613294_14884 83 71 397 497
n01613294_13371 20 57 475 265
n01613294_11602 0 66 356 332
n01613294_8333 55 83 248 452
n01613294_1414 50 33 371 333
n01613294_1663 182 0 498 305
n01613294_6364 56 48 302 352
n01613294_3128 40 37 362 396
n01613294_9282 100 101 373 498
n01613294_6349 112 62 369 332
n01613294_4074 168 34 498 333
n01613294_7114 86 38 484 335
n01613294_173 0 66 370 333
n01613294_11332 2 53 348 374
n01613294_7697 59 21 499 259
n01613294_9372 46 65 315 498
n01613294_10843 42 67 298 452
n01613294_3512 73 46 296 491
n01613294_2201 0 22 318 403
n01613294_1855 0 81 266 333
n01613294_4073 63 69 352 332
n01613294_2117 0 33 329 389
n01613294_5678 32 44 329 297
n01613294_6230 98 40 312 458
n01613294_5394 2 105 310 498
n01613294_2091 100 55 487 304
n01613294_6101 130 86 385 373
n01613294_2913 63 14 381 374
n01613294_2841 80 48 244 435
n01613294_12774 20 70 420 372
n01613294_15841 82 78 237 488
n01613294_4546 67 32 253 442
n01613294_5362 33 47 252 480
n01613294_9748 40 35 430 352
n01613294_5700 0 53 363 374
n01613294_9130 0 55 379 332
n01613294_12834 47 66 320 498
n01613294_2452 47 26 280 476
n01613294_5014 95 41 461 328
n01613294_1158 149 24 498 328
n01613294_4132 58 87 307 360
n01613294_1399 144 40 351 328
n01613294_10360 125 0 373 271
n01613294_5670 94 15 432 332
n01613294_2588 80 72 331 498
n01613294_9844 33 43 307 258
n01613294_10285 117 23 373 498
n01613294_2768 37 68 263 362
n01613294_5643 161 99 494 289
n01613294_212 112 57 290 410
n01613294_6252 2 65 389 439
n01613294_12831 85 170 389 440
n01613294_2889 103 52 493 344
n01613294_2282 141 24 366 218
n01613294_8673 41 40 425 445
n01613294_4004 55 32 291 498
n01613294_3557 107 57 499 374
n01613294_5279 116 60 323 330
n01613294_5748 0 68 408 373
n01613294_10821 0 46 391 326
n01613294_5892 34 44 422 331
