n01677366_138 39 69 401 328
n01677366_17993 52 78 369 373
n01677366_9740 2 15 335 264
n01677366_17459 14 87 450 279
n01677366_12734 172 79 499 332
n01677366_16356 0 82 325 374
n01677366_11075 0 14 366 274
n01677366_14099 95 48 383 332
n01677366_18288 11 97 359 331
n01677366_2852 167 54 499 331
n01677366_3697 156 46 499 314
n01677366_11925 152 110 499 374
n01677366_3972 108 76 499 309
n01677366_7631 38 83 364 331
n01677366_13855 102 85 499 328
n01677366_18254 0 110 363 332
n01677366_16000 217 31 499 312
n01677366_19098 0 90 343 368
n01677366_12510 55 73 477 287
n01677366_850 127 98 498 330
n01677366_7984 15 134 391 374
n01677366_1484 124 90 499 350
n01677366_7022 56 86 499 312
n01677366_390 89 136 499 374
n01677366_8671 125 52 404 374
n01677366_19021 37 103 475 308
n01677366_7121 99 30 363 332
n01677366_13369 72 83 442 348
n01677366_14362 106 71 499 290
n01677366_16642 0 129 439 333
n01677366_3590 143 87 452 374
n01677366_7776 173 26 457 374
n01677366_3391 0 57 321 302
n01677366_1705 108 0 437 269
n01677366_1370 234 24 491 339
n01677366_14517 0 80 304 356
n01677366_17736 0 128 418 396
n01677366_4331 31 99 486 292
n01677366_16920 0 87 366 300
n01677366_17329 42 79 498 223
n01677366_14595 152 97 468 374
n01677366_7344 0 100 455 292
n01677366_10760 81 31 470 269
n01677366_6640 61 45 367 374
n01677366_434 1 71 450 277
n01677366_18388 50 80 414 318
n01677366_17440 85 92 429 315
n01677366_10221 162 48 485 326
n01677366_13835 84 166 499 374
n01677366_17837 93 111 499 333
n01677366_17647 0 152 267 490
n01677366_9127 120 31 499 298
n01677366_17319 48 31 499 257
n01677366_12671 39 92 499 314
n01677366_16132 30 55 340 261
n01677366_16916 139 75 499 329
n01677366_2960 180 93 496 332
n01677366_11438 0 94 462 278
n01677366_18644 115 68 312 498
n01677366_8008 117 102 484 306
n01677366_15037 0 65 342 337
n01677366_18709 74 81 499 324
n01677366_12250 0 75 323 305
n01677366_13472 0 56 406 262
n01677366_3177 0 117 389 332
n01677366_14559 50 78 499 311
n01677366_18641 0 93 414 346
n01677366_3790 121 3 359 225
n01677366_16261 47 78 373 331
n01677366_10955 2 89 359 294
n01677366_18149 47 103 497 286
n01677366_5495 140 110 486 348
n01677366_3557 45 165 499 346
n01677366_16565 4 138 459 318
n01677366_19491 0 78 444 316
n01677366_7915 46 34 199 132
n01677366_2771 40 72 412 267
n01677366_18666 71 61 377 261
n01677366_10344 63 74 463 339
n01677366_17761 122 83 499 288
n01677366_9750 6 52 402 320
n01677366_13685 2 49 308 415
n01677366_1281 4 13 250 190
n01677366_11525 129 32 442 373
n01677366_2688 158 39 396 425
n01677366_5392 0 41 299 279
n01677366_4313 71 144 497 332
n01677366_16804 1 203 474 420
n01677366_12540 31 121 356 367
n01677366_19290 52 26 373 152
n01677366_17400 6 51 326 388
n01677366_11189 135 83 498 417
n01677366_1822 44 30 359 194
n01677366_14464 0 76 418 265
n01677366_11096 86 13 422 248
n01677366_10579 31 76 471 309
n01677366_13123 31 64 492 210
n01677366_4014 1 68 475 317
n01677366_16941 67 106 279 492
n01677366_5364 145 58 499 332
