n01772222_2769 60 77 445 294
n01772222_2905 136 58 478 407
n01772222_9039 99 40 424 352
n01772222_7966 92 63 300 458
n01772222_10925 47 19 350 308
n01772222_12924 57 76 453 332
n01772222_11817 25 73 311 375
n01772222_4027 106 38 495 306
n01772222_5140 74 39 442 306
n01772222_8412 119 86 472 366
n01772222_6010 115 5 391 325
n01772222_10676 16 14 265 308
n01772222_12938 53 69 417 344
n01772222_6118 51 36 325 336
n01772222_3524 112 8 389 347
n01772222_3596 102 60 396 450
n01772222_5534 90 119 473 349
n01772222_3483 45 70 453 293
n01772222_11046 83 69 441 303
n01772222_12152 53 29 415 316
n01772222_5740 132 4 385 319
n01772222_11687 91 33 372 329
n01772222_5046 101 52 415 366
n01772222_15925 174 40 448 308
n01772222_7718 157 26 497 301
n01772222_3872 39 169 481 482
n01772222_3438 73 58 461 335
n01772222_10210 50 113 461 306
n01772222_3548 51 96 426 280
n01772222_10689 133 20 368 352
n01772222_7710 15 73 352 278
n01772222_14185 132 13 367 284
n01772222_2894 49 69 409 312
n01772222_12097 23 98 475 432
n01772222_708 106 43 378 292
n01772222_5811 141 1 354 310
n01772222_11774 88 105 365 386
n01772222_3947 22 158 306 387
n01772222_4754 67 26 373 472
n01772222_5975 83 44 353 314
n01772222_5808 50 86 389 282
n01772222_5561 50 31 442 371
n01772222_10996 135 117 447 315
n01772222_449 41 86 382 461
n01772222_3779 72 136 395 343
n01772222_2989 104 45 318 320
n01772222_11150 186 12 399 288
n01772222_7032 145 40 397 273
n01772222_3270 153 25 402 290
n01772222_3558 67 27 438 411
n01772222_6725 27 13 340 450
n01772222_9256 139 68 420 257
n01772222_3092 103 100 365 404
n01772222_4191 57 79 379 295
n01772222_5349 112 77 286 478
n01772222_8178 24 61 476 350
n01772222_3939 148 16 497 332
n01772222_6920 57 61 286 334
n01772222_10079 202 6 398 281
n01772222_8692 71 127 268 435
n01772222_6830 45 35 368 478
n01772222_5222 146 56 433 266
n01772222_6907 88 91 416 284
n01772222_10534 21 56 418 470
n01772222_12352 206 39 397 279
n01772222_3229 32 156 226 367
n01772222_2857 37 34 455 313
n01772222_6688 35 34 436 416
n01772222_1650 120 113 388 368
n01772222_2420 185 76 454 265
n01772222_1171 129 55 366 266
n01772222_5789 58 0 434 310
n01772222_7188 48 24 455 376
n01772222_16808 117 32 290 355
n01772222_5782 141 72 388 297
n01772222_8911 57 0 411 333
n01772222_7055 147 54 346 339
n01772222_8541 38 5 416 421
n01772222_9346 83 101 377 290
n01772222_12150 133 75 354 288
n01772222_3830 2 33 402 483
n01772222_11171 122 82 387 289
n01772222_668 7 12 423 391
n01772222_2765 126 92 361 338
n01772222_10643 89 8 466 374
n01772222_6206 135 97 382 257
n01772222_11936 55 1 366 482
n01772222_3282 52 8 454 315
n01772222_133 161 31 345 293
n01772222_6132 103 28 296 277
n01772222_1393 43 15 346 460
n01772222_5581 0 62 387 447
n01772222_10890 152 55 369 255
n01772222_6730 130 85 351 328
n01772222_6068 111 21 320 241
n01772222_5469 117 187 331 448
n01772222_12824 0 7 431 301
n01772222_3725 0 63 499 351
n01772222_8951 219 39 373 290
n01772222_4319 143 73 366 235
