n01794158_3150 72 90 465 309
n01794158_16269 103 39 391 363
n01794158_1579 1 247 332 498
n01794158_9148 103 92 467 352
n01794158_9 139 44 459 343
n01794158_3970 128 32 406 374
n01794158_1477 15 85 430 307
n01794158_16124 54 6 333 326
n01794158_2260 58 100 306 462
n01794158_3315 57 3 344 301
n01794158_10483 96 35 453 325
n01794158_3762 108 33 396 313
n01794158_4835 102 52 462 308
n01794158_2535 173 71 499 355
n01794158_8201 1 52 305 373
n01794158_14175 168 24 457 335
n01794158_6940 80 111 422 372
n01794158_8253 141 61 485 368
n01794158_3959 115 65 443 333
n01794158_11485 109 28 407 292
n01794158_14391 50 42 353 298
n01794158_1125 14 88 331 352
n01794158_7201 32 63 439 286
n01794158_1258 105 17 350 374
n01794158_8739 2 156 307 410
n01794158_6199 62 27 337 329
n01794158_17225 96 76 465 351
n01794158_2239 126 72 355 496
n01794158_3139 159 10 446 404
n01794158_9757 93 41 392 269
n01794158_18430 41 46 383 314
n01794158_15306 44 29 361 310
n01794158_4068 92 70 355 491
n01794158_8569 77 17 396 363
n01794158_2066 45 30 354 353
n01794158_4298 73 0 353 332
n01794158_4640 41 60 383 273
n01794158_5211 179 31 490 332
n01794158_17171 49 46 304 333
n01794158_1704 8 51 323 498
n01794158_4158 9 11 300 374
n01794158_5159 48 82 283 498
n01794158_18938 1 80 278 374
n01794158_4632 96 42 412 463
n01794158_994 114 14 464 316
n01794158_7897 138 55 462 302
n01794158_15774 85 33 432 446
n01794158_5131 61 73 452 367
n01794158_857 48 12 151 120
n01794158_230 149 58 474 332
n01794158_8052 126 27 466 284
n01794158_639 204 22 456 300
n01794158_7709 127 70 499 331
n01794158_156 83 199 318 470
n01794158_17496 114 0 411 330
n01794158_2346 81 33 432 448
n01794158_12579 118 12 428 332
n01794158_3810 101 66 376 340
n01794158_9383 27 35 413 327
n01794158_3509 143 2 463 355
n01794158_1030 0 90 273 332
n01794158_4290 61 38 421 422
n01794158_15346 110 32 353 300
n01794158_14734 23 16 138 92
n01794158_3417 23 126 307 458
n01794158_17812 11 67 403 332
n01794158_9764 99 77 394 316
n01794158_4629 65 36 412 374
n01794158_15106 41 20 374 406
n01794158_6837 63 7 385 494
n01794158_4341 105 103 402 324
n01794158_1587 0 19 420 271
n01794158_7922 91 62 485 331
n01794158_17510 134 6 463 332
n01794158_2417 35 95 300 477
n01794158_6020 21 68 361 436
n01794158_9444 79 26 480 349
n01794158_3242 43 17 331 461
n01794158_14115 47 45 418 374
n01794158_2959 41 39 404 264
n01794158_2815 154 64 391 307
n01794158_10498 108 77 382 326
n01794158_9002 158 0 499 189
n01794158_12079 0 44 306 368
n01794158_2085 59 9 398 432
n01794158_15487 75 30 430 497
n01794158_3610 106 67 375 301
n01794158_6571 67 0 405 370
n01794158_11093 0 93 322 497
n01794158_2122 85 97 354 325
n01794158_18266 74 78 335 310
n01794158_3250 113 117 380 365
n01794158_2700 46 125 282 374
n01794158_8363 181 49 373 313
n01794158_4156 106 123 457 279
n01794158_2499 41 8 329 432
n01794158_3833 0 30 290 456
n01794158_18831 77 101 339 303
n01794158_18673 23 37 465 340
n01794158_13587 0 38 407 332
