n01803078_1398 167 27 441 332
n01803078_3589 99 78 435 367
n01803078_8537 7 53 399 286
n01803078_9740 136 61 437 374
n01803078_6210 1 83 320 422
n01803078_13866 202 16 478 309
n01803078_8570 91 44 365 479
n01803078_4328 0 97 358 332
n01803078_6207 99 136 499 373
n01803078_9288 103 41 499 248
n01803078_13561 119 13 420 168
n01803078_6907 110 41 381 460
n01803078_6441 98 49 441 264
n01803078_14061 143 51 472 296
n01803078_14042 7 70 330 332
n01803078_12140 11 103 265 425
n01803078_1975 123 56 476 357
n01803078_8490 0 99 459 269
n01803078_1922 42 60 380 349
n01803078_10107 19 52 469 256
n01803078_2151 30 40 221 470
n01803078_4380 128 38 473 558
n01803078_6903 62 42 463 233
n01803078_15240 84 81 480 285
n01803078_4591 130 73 496 325
n01803078_11440 0 65 302 333
n01803078_2747 10 72 391 387
n01803078_2032 0 95 363 333
n01803078_1661 207 36 499 331
n01803078_12831 1 32 356 286
n01803078_7938 0 15 273 374
n01803078_14174 14 84 446 234
n01803078_7393 18 30 334 363
n01803078_3822 76 46 364 427
n01803078_919 46 63 466 274
n01803078_6944 40 90 285 485
n01803078_2099 66 48 388 303
n01803078_4838 0 113 329 399
n01803078_918 84 69 498 283
n01803078_4516 48 150 440 374
n01803078_6707 99 64 472 385
n01803078_8646 0 79 361 294
n01803078_4361 0 132 361 374
n01803078_6970 5 65 392 295
n01803078_13319 58 62 373 381
n01803078_2370 99 52 499 276
n01803078_4917 63 56 441 281
n01803078_1811 21 59 380 308
n01803078_10920 104 32 421 350
n01803078_2930 0 74 347 332
n01803078_6244 107 93 365 497
n01803078_14272 81 54 491 302
n01803078_9959 121 71 469 343
n01803078_1369 84 64 416 352
n01803078_15299 0 41 311 253
n01803078_1649 124 40 484 269
n01803078_1730 56 80 405 295
n01803078_7070 10 51 281 332
n01803078_1197 70 74 486 261
n01803078_442 72 59 478 263
n01803078_7206 87 81 478 334
n01803078_12439 50 70 414 278
n01803078_3745 7 66 362 269
n01803078_546 31 68 497 251
n01803078_6602 127 87 499 333
n01803078_14793 11 64 406 265
n01803078_6593 54 50 403 218
n01803078_8022 76 111 499 288
n01803078_14011 79 65 471 300
n01803078_6605 50 56 411 270
n01803078_12349 147 67 498 271
n01803078_7630 16 133 295 420
n01803078_1539 51 53 383 279
n01803078_13048 0 15 296 248
n01803078_6188 22 109 495 266
n01803078_6124 96 58 368 331
n01803078_838 34 56 303 332
n01803078_7824 141 8 449 333
n01803078_5787 0 192 331 471
n01803078_9614 100 105 498 456
n01803078_4816 50 64 325 331
n01803078_1284 99 68 446 306
n01803078_2041 183 37 499 332
n01803078_10457 1 128 285 498
n01803078_2846 27 45 336 212
n01803078_2018 66 63 364 248
n01803078_708 95 147 499 347
n01803078_9353 54 56 474 279
n01803078_5856 0 88 377 281
n01803078_7246 34 83 394 313
n01803078_5012 54 62 352 314
n01803078_1035 84 55 499 294
n01803078_7777 75 128 499 321
n01803078_1445 78 51 372 275
n01803078_1633 173 59 482 306
n01803078_624 0 145 235 453
n01803078_6037 21 92 485 321
n01803078_7103 136 50 471 333
n01803078_13033 29 62 308 332
n01803078_12628 169 51 499 374
