n01811909_3911 87 68 379 450
n01811909_15256 68 64 454 296
n01811909_3743 46 65 355 374
n01811909_10039 10 147 363 443
n01811909_15169 98 44 414 303
n01811909_382 65 69 411 335
n01811909_2255 138 34 440 352
n01811909_4812 73 44 395 295
n01811909_1285 73 47 491 264
n01811909_911 87 86 295 478
n01811909_12704 114 31 437 385
n01811909_471 155 23 409 373
n01811909_4167 3 84 437 324
n01811909_4089 179 87 499 332
n01811909_10668 68 20 357 395
n01811909_10611 108 66 383 450
n01811909_10996 110 158 366 498
n01811909_9465 41 99 499 294
n01811909_1585 49 104 425 394
n01811909_15484 130 111 467 452
n01811909_2718 51 60 384 290
n01811909_15452 132 96 499 373
n01811909_8696 53 92 377 326
n01811909_15850 159 117 488 374
n01811909_13626 29 58 397 473
n01811909_7837 70 110 443 483
n01811909_12076 48 67 286 376
n01811909_15142 0 45 321 356
n01811909_10396 161 36 416 360
n01811909_2523 0 105 318 331
n01811909_6047 172 43 499 332
n01811909_13059 3 27 311 374
n01811909_4836 0 78 362 374
n01811909_13339 9 65 382 282
n01811909_11227 124 30 438 374
n01811909_13116 31 137 395 365
n01811909_10281 5 87 392 345
n01811909_7231 25 82 334 338
n01811909_10326 1 62 286 307
n01811909_4116 89 58 371 334
n01811909_446 65 107 322 431
n01811909_12171 69 58 322 328
n01811909_7116 49 104 347 333
n01811909_11388 2 84 283 309
n01811909_4075 120 70 498 334
n01811909_8668 27 81 360 309
n01811909_6448 126 40 336 452
n01811909_7840 20 40 318 418
n01811909_12863 28 221 292 471
n01811909_6506 34 39 311 275
n01811909_9934 143 52 365 441
n01811909_8202 0 80 274 450
n01811909_10220 22 51 405 316
n01811909_4219 24 71 421 332
n01811909_8278 27 54 401 361
n01811909_11493 129 60 441 301
n01811909_10858 53 70 333 295
n01811909_12751 31 30 312 171
n01811909_518 47 40 304 307
n01811909_9727 139 83 412 305
n01811909_3663 29 90 333 311
n01811909_8840 49 44 464 303
n01811909_1216 74 148 423 340
n01811909_9110 53 43 303 304
n01811909_3968 13 65 475 330
n01811909_8880 1 34 370 374
n01811909_3965 121 71 427 250
n01811909_9035 78 16 321 476
n01811909_4860 116 157 364 403
n01811909_6839 41 171 312 462
n01811909_9774 71 14 434 424
n01811909_1625 16 29 389 375
n01811909_2360 160 40 343 381
n01811909_3085 43 59 239 328
n01811909_2248 81 18 446 430
n01811909_12342 2 122 244 352
n01811909_9327 103 46 498 386
n01811909_9876 163 174 460 366
n01811909_10382 7 23 386 296
n01811909_6990 118 106 351 350
n01811909_902 133 13 499 374
n01811909_12531 101 93 235 441
n01811909_5541 202 23 376 298
n01811909_7814 28 79 319 264
n01811909_690 0 75 448 374
n01811909_11339 26 22 408 374
n01811909_7972 179 91 499 255
n01811909_12270 105 47 315 261
n01811909_10516 152 97 341 332
n01811909_5556 30 8 406 374
n01811909_8563 227 109 498 293
n01811909_3873 90 24 499 363
n01811909_5032 51 62 235 334
n01811909_10933 31 63 237 223
n01811909_3257 142 86 327 319
n01811909_8396 274 26 432 359
n01811909_9002 92 138 334 315
n01811909_3958 53 20 491 335
n01811909_6259 69 133 409 268
n01811909_3208 171 53 351 315
