n01838598_11447 135 23 326 492
n01838598_432 123 70 377 470
n01838598_6011 122 11 379 364
n01838598_3925 45 77 258 498
n01838598_9313 68 86 318 443
n01838598_14048 98 122 498 332
n01838598_1987 2 162 365 461
n01838598_13239 18 48 237 497
n01838598_9265 71 83 355 445
n01838598_17320 78 71 281 463
n01838598_16242 153 84 499 358
n01838598_5842 46 77 239 498
n01838598_363 173 25 451 371
n01838598_2715 52 51 270 445
n01838598_12162 30 123 266 498
n01838598_15632 150 32 450 397
n01838598_7676 75 78 304 455
n01838598_6728 173 5 499 271
n01838598_6411 98 80 306 498
n01838598_3682 61 113 319 498
n01838598_2824 117 78 461 331
n01838598_8819 87 132 320 485
n01838598_15968 80 85 378 401
n01838598_5646 83 38 389 356
n01838598_20835 36 73 220 498
n01838598_13949 128 11 398 296
n01838598_9653 72 40 265 477
n01838598_2394 74 35 471 270
n01838598_17521 78 86 269 482
n01838598_16305 64 64 417 366
n01838598_21659 23 51 271 408
n01838598_11424 67 85 303 431
n01838598_13484 41 45 255 470
n01838598_13508 127 10 406 458
n01838598_20013 122 46 456 314
n01838598_7645 48 34 441 266
n01838598_16148 62 55 299 313
n01838598_1904 103 136 466 374
n01838598_20286 85 35 282 443
n01838598_3200 107 76 332 451
n01838598_2165 75 123 255 482
n01838598_19171 77 57 353 331
n01838598_16221 105 32 276 471
n01838598_8077 102 70 478 295
n01838598_11541 22 112 417 390
n01838598_8848 88 52 255 498
n01838598_6014 97 55 403 346
n01838598_955 165 68 473 310
n01838598_1179 70 28 323 462
n01838598_8452 84 89 376 469
n01838598_4982 80 47 270 438
n01838598_8181 82 57 297 443
n01838598_7519 93 87 340 427
n01838598_13671 71 82 295 498
n01838598_5960 0 137 377 356
n01838598_9137 174 53 432 455
n01838598_12200 82 65 331 467
n01838598_13594 72 43 331 460
n01838598_8868 94 17 414 311
n01838598_7719 96 61 462 394
n01838598_745 60 77 345 458
n01838598_9763 105 112 330 498
n01838598_1826 65 48 260 435
n01838598_12414 61 33 279 466
n01838598_21656 148 75 404 491
n01838598_1251 0 135 349 498
n01838598_16153 171 55 434 362
n01838598_11104 29 63 387 288
n01838598_3323 116 73 346 441
n01838598_11783 127 134 360 498
n01838598_14182 70 96 246 498
n01838598_1144 45 148 361 458
n01838598_3770 63 65 390 468
n01838598_4840 15 43 485 261
n01838598_17563 78 37 417 342
n01838598_5188 14 15 317 385
n01838598_10396 97 45 340 477
n01838598_17597 60 70 225 467
n01838598_1422 45 97 367 458
n01838598_19159 12 85 407 380
n01838598_19225 98 81 284 481
n01838598_20056 75 123 421 405
n01838598_300 120 109 302 498
n01838598_17864 106 22 296 468
n01838598_10340 57 134 260 496
n01838598_521 68 134 335 446
n01838598_5722 83 42 436 336
n01838598_7822 71 92 299 423
n01838598_12524 104 27 443 319
n01838598_13712 82 76 359 350
n01838598_482 84 72 491 258
n01838598_16974 98 80 295 486
n01838598_17557 45 126 243 463
n01838598_2118 141 65 422 330
n01838598_19678 113 66 346 457
n01838598_7795 97 133 280 483
n01838598_13466 50 38 287 462
n01838598_11081 53 68 321 443
n01838598_1052 128 83 301 471
n01838598_9254 128 39 356 329
