n01806143_7107 109 78 499 318
n01806143_11248 6 68 320 333
n01806143_9680 68 78 275 482
n01806143_13112 1 89 407 321
n01806143_1424 0 66 316 332
n01806143_601 197 60 499 332
n01806143_13804 208 50 499 332
n01806143_13282 78 87 499 304
n01806143_4346 142 49 440 369
n01806143_13765 26 126 275 496
n01806143_1927 102 44 459 312
n01806143_7034 152 84 499 346
n01806143_2662 95 77 447 399
n01806143_14337 1 101 352 332
n01806143_4995 93 113 307 490
n01806143_10875 63 160 317 498
n01806143_10953 167 82 499 374
n01806143_12493 7 59 410 300
n01806143_12794 102 69 499 271
n01806143_7583 0 72 332 332
n01806143_11541 1 78 332 373
n01806143_5529 54 49 412 210
n01806143_12547 150 14 464 325
n01806143_9496 71 65 319 476
n01806143_10433 0 52 310 333
n01806143_6485 0 67 247 423
n01806143_13033 220 14 466 356
n01806143_4146 118 58 433 374
n01806143_12841 0 76 348 330
n01806143_13842 131 67 466 331
n01806143_1073 71 161 343 498
n01806143_2312 52 0 287 332
n01806143_8740 155 84 499 374
n01806143_12217 115 37 284 498
n01806143_466 0 66 454 262
n01806143_582 1 111 474 296
n01806143_9284 48 94 439 350
n01806143_4750 10 92 421 309
n01806143_6083 1 45 311 332
n01806143_5107 75 117 481 364
n01806143_4705 91 68 416 306
n01806143_9030 80 15 319 498
n01806143_3270 3 177 263 476
n01806143_4659 75 22 311 266
n01806143_3728 100 32 396 374
n01806143_4878 0 98 225 498
n01806143_4228 104 70 465 327
n01806143_8400 30 60 282 463
n01806143_3680 26 143 428 333
n01806143_4717 75 33 358 302
n01806143_13402 131 100 468 359
n01806143_619 79 86 499 329
n01806143_3601 57 106 373 431
n01806143_9860 58 45 377 331
n01806143_4417 70 16 410 324
n01806143_3312 54 87 482 301
n01806143_3585 0 21 294 275
n01806143_6934 232 0 499 314
n01806143_4894 73 43 333 331
n01806143_8772 52 153 311 498
n01806143_4237 96 77 396 413
n01806143_7685 6 85 483 305
n01806143_11331 120 28 427 332
n01806143_12150 62 97 444 373
n01806143_8907 57 88 286 497
n01806143_2935 66 38 389 264
n01806143_2844 58 35 386 277
n01806143_12381 95 73 394 498
n01806143_11283 0 79 330 300
n01806143_2574 97 203 373 498
n01806143_13202 71 91 341 498
n01806143_3749 82 110 433 316
n01806143_11225 49 101 458 249
n01806143_8252 0 79 378 270
n01806143_911 31 91 440 436
n01806143_1199 17 39 499 146
n01806143_8529 178 0 499 297
n01806143_2563 53 55 360 317
n01806143_5084 96 53 430 374
n01806143_11623 86 24 325 322
n01806143_11991 87 89 431 322
n01806143_207 38 41 200 480
n01806143_13612 91 11 334 303
n01806143_8156 26 33 499 226
n01806143_9803 169 42 499 332
n01806143_8790 0 0 328 242
n01806143_2471 1 34 325 351
n01806143_10117 187 22 499 332
n01806143_6780 206 0 499 331
n01806143_8227 55 40 476 271
n01806143_5487 70 133 372 498
n01806143_7718 49 53 393 374
n01806143_4519 196 1 496 333
n01806143_1250 152 37 487 332
n01806143_4455 30 87 461 267
n01806143_12483 143 9 352 332
n01806143_9362 72 1 272 496
n01806143_1358 156 44 416 304
n01806143_10470 173 62 459 297
n01806143_2123 39 75 417 275
