n01846331_12970 109 4 389 339
n01846331_14810 12 84 457 264
n01846331_15952 57 65 405 305
n01846331_8946 89 43 422 316
n01846331_432 49 103 450 363
n01846331_9095 56 56 372 432
n01846331_11362 10 83 380 306
n01846331_15974 83 5 421 286
n01846331_11652 77 48 485 255
n01846331_4741 23 51 337 442
n01846331_7759 89 62 456 395
n01846331_17740 163 84 499 312
n01846331_5706 143 36 432 295
n01846331_15097 25 17 308 421
n01846331_4219 62 18 407 243
n01846331_7292 117 66 470 333
n01846331_6746 0 118 345 398
n01846331_2395 13 91 462 285
n01846331_13125 47 63 382 334
n01846331_13054 68 40 416 377
n01846331_10352 73 77 499 279
n01846331_15523 142 89 499 332
n01846331_11409 214 53 499 330
n01846331_14172 138 110 499 330
n01846331_1027 67 0 384 275
n01846331_5551 125 49 461 349
n01846331_10307 160 58 472 373
n01846331_11431 48 55 473 287
n01846331_7072 122 44 414 348
n01846331_11494 131 56 487 270
n01846331_5391 0 1 275 295
n01846331_619 41 22 381 254
n01846331_7552 80 48 397 326
n01846331_7456 56 105 494 332
n01846331_11600 67 52 300 430
n01846331_16375 75 63 499 298
n01846331_708 121 4 377 308
n01846331_7092 0 86 391 314
n01846331_13539 27 44 401 252
n01846331_7668 0 72 380 300
n01846331_784 43 69 469 279
n01846331_6737 57 88 433 353
n01846331_7001 53 80 352 376
n01846331_8160 52 33 327 344
n01846331_15616 14 33 424 211
n01846331_108 39 62 471 292
n01846331_1596 171 73 498 305
n01846331_12847 35 68 422 262
n01846331_12659 42 31 436 222
n01846331_6912 73 14 415 292
n01846331_10458 33 65 448 269
n01846331_7574 41 35 449 230
n01846331_4927 30 48 462 230
n01846331_17965 137 41 481 334
n01846331_870 69 94 491 270
n01846331_14456 33 27 484 155
n01846331_973 126 15 378 272
n01846331_10500 4 59 463 261
n01846331_3083 70 56 498 300
n01846331_12725 0 22 367 224
n01846331_11616 31 17 459 193
n01846331_6435 145 109 499 343
n01846331_3732 151 52 437 309
n01846331_12704 1 81 474 314
n01846331_13988 59 67 412 327
n01846331_9377 31 66 401 264
n01846331_6467 121 52 477 334
n01846331_3358 81 65 368 325
n01846331_1604 95 60 437 355
n01846331_17298 25 20 363 356
n01846331_2371 20 15 483 250
n01846331_12280 23 97 489 326
n01846331_12456 88 62 394 296
n01846331_6740 45 60 474 298
n01846331_13972 5 59 462 267
n01846331_8611 151 73 473 319
n01846331_6744 38 36 481 196
n01846331_16047 115 38 367 330
n01846331_12092 15 18 465 221
n01846331_1153 110 4 349 337
n01846331_3131 128 7 345 331
n01846331_7762 25 83 343 332
n01846331_6722 69 57 409 253
n01846331_9982 21 31 427 319
n01846331_6343 135 54 484 332
n01846331_9006 89 72 480 249
n01846331_15443 2 76 482 304
n01846331_17405 58 46 456 320
n01846331_182 90 91 445 298
n01846331_11534 184 43 461 312
n01846331_7499 119 84 479 300
n01846331_14713 63 26 333 314
n01846331_8899 26 95 263 423
n01846331_16120 95 102 425 337
n01846331_16461 164 48 446 314
n01846331_7365 54 14 361 374
n01846331_5009 86 68 480 346
n01846331_4376 67 49 455 327
n01846331_16697 111 60 353 392
n01846331_9788 91 13 383 275
