n01922303_61248 96 28 480 273
n01922303_33191 0 53 432 267
n01922303_32227 103 33 388 332
n01922303_44325 43 17 319 370
n01922303_45646 76 87 473 310
n01922303_54229 56 58 367 373
n01922303_45817 12 24 376 247
n01922303_11751 101 17 309 461
n01922303_30237 39 135 400 374
n01922303_68997 67 67 297 440
n01922303_8768 60 57 303 282
n01922303_34144 37 35 324 199
n01922303_12374 19 0 475 200
n01922303_9597 56 26 360 369
n01922303_27720 79 128 499 373
n01922303_15121 131 32 368 410
n01922303_33175 41 60 431 315
n01922303_44584 0 53 454 282
n01922303_45718 93 16 442 228
n01922303_20089 12 86 422 351
n01922303_37104 1 85 295 448
n01922303_34743 111 50 386 341
n01922303_60730 27 0 420 181
n01922303_42290 55 35 435 322
n01922303_61327 27 86 352 423
n01922303_43917 7 1 409 274
n01922303_49812 14 50 486 231
n01922303_60996 1 120 360 330
n01922303_72905 56 33 462 308
n01922303_50966 40 112 209 401
n01922303_12910 161 40 420 334
n01922303_12079 45 52 300 399
n01922303_37018 35 97 328 478
n01922303_20300 151 45 346 323
n01922303_32886 32 121 283 377
n01922303_34619 58 89 396 296
n01922303_11712 26 138 487 262
n01922303_24738 0 82 441 235
n01922303_7552 10 46 417 310
n01922303_15540 204 12 387 374
n01922303_30997 40 111 415 283
n01922303_3559 93 56 435 228
n01922303_31753 88 160 321 433
n01922303_12032 192 44 427 314
n01922303_12211 67 37 477 380
n01922303_24369 0 120 329 309
n01922303_8877 0 0 312 176
n01922303_30495 15 81 449 222
n01922303_56331 21 65 476 382
n01922303_56489 86 75 378 282
n01922303_44447 0 20 305 195
n01922303_40494 159 57 461 256
n01922303_44711 3 34 411 218
n01922303_31585 27 122 435 253
n01922303_40672 85 0 499 309
n01922303_23640 105 3 308 291
n01922303_12806 78 79 353 267
n01922303_9915 34 35 492 285
n01922303_45237 129 67 355 324
n01922303_43636 156 101 466 286
n01922303_3577 239 79 449 330
n01922303_10855 244 78 447 329
n01922303_30858 60 65 428 196
n01922303_32931 7 31 499 280
n01922303_60281 109 0 301 280
n01922303_5309 62 196 456 370
n01922303_35859 146 66 422 250
n01922303_72597 17 37 474 340
n01922303_38826 35 105 399 241
n01922303_36893 112 59 307 308
n01922303_20603 27 5 389 495
n01922303_18969 57 15 448 332
n01922303_7593 93 127 363 306
n01922303_60435 178 0 332 305
n01922303_39922 158 131 499 266
n01922303_38412 13 0 355 412
n01922303_31699 72 2 356 163
n01922303_29427 74 123 427 255
n01922303_69252 38 158 485 228
n01922303_15089 206 144 454 317
n01922303_18458 259 18 445 245
n01922303_26984 42 303 393 442
n01922303_49835 153 78 269 239
n01922303_8876 88 101 327 270
n01922303_42819 39 140 397 240
n01922303_5459 114 132 379 265
n01922303_26192 108 53 326 208
n01922303_63021 83 215 245 448
n01922303_40871 185 87 422 294
n01922303_73469 79 108 358 240
n01922303_9438 156 152 408 298
n01922303_40275 116 71 351 227
n01922303_8930 68 163 206 422
n01922303_4903 153 0 230 445
n01922303_10742 293 105 466 278
n01922303_24741 231 137 440 298
n01922303_11327 93 115 458 197
n01922303_49348 184 61 336 257
n01922303_71968 93 77 481 114
n01922303_55382 0 167 499 231
