n01944390_3725 39 83 467 303
n01944390_1719 23 24 170 179
n01944390_6942 81 43 422 321
n01944390_3632 78 49 462 445
n01944390_16927 98 47 430 326
n01944390_4151 57 56 443 275
n01944390_2976 2 30 173 118
n01944390_3168 0 10 300 238
n01944390_17652 154 2 499 240
n01944390_6552 3 111 335 260
n01944390_5966 109 8 404 151
n01944390_3147 76 36 389 332
n01944390_14272 87 31 363 360
n01944390_4966 78 88 433 315
n01944390_4179 88 25 298 486
n01944390_1204 43 45 478 243
n01944390_3742 60 41 499 247
n01944390_1950 41 103 539 384
n01944390_353 31 81 413 251
n01944390_6362 72 5 412 292
n01944390_11870 101 38 373 478
n01944390_5506 59 33 309 198
n01944390_11994 17 157 325 415
n01944390_14157 72 17 466 239
n01944390_1152 123 61 684 414
n01944390_14056 42 61 235 433
n01944390_4980 80 34 290 429
n01944390_13283 32 67 499 278
n01944390_6866 42 42 288 360
n01944390_188 0 105 360 351
n01944390_1563 198 62 630 439
n01944390_14153 45 68 463 385
n01944390_8077 60 60 429 262
n01944390_5862 23 42 412 208
n01944390_8159 68 77 528 331
n01944390_3498 19 48 330 190
n01944390_5282 30 122 286 463
n01944390_13580 53 85 465 273
n01944390_830 90 43 518 468
n01944390_4881 101 138 918 583
n01944390_2797 42 73 592 425
n01944390_220 70 65 487 284
n01944390_13400 44 51 417 261
n01944390_11540 73 46 400 460
n01944390_14049 20 78 390 322
n01944390_4472 49 88 432 507
n01944390_13144 6 121 498 352
n01944390_9979 11 101 364 390
n01944390_10069 151 30 379 366
n01944390_13810 126 13 378 312
n01944390_11598 58 22 452 271
n01944390_11808 66 42 445 299
n01944390_2160 74 82 416 316
n01944390_1628 24 33 581 341
n01944390_656 48 92 947 574
n01944390_5784 15 43 301 336
n01944390_12214 34 74 408 352
n01944390_13863 57 85 433 354
n01944390_862 109 51 462 382
n01944390_3305 81 87 443 316
n01944390_15394 1 0 328 320
n01944390_11753 89 34 431 341
n01944390_6572 16 77 389 274
n01944390_5814 26 77 435 315
n01944390_3276 20 41 337 185
n01944390_2042 88 88 471 301
n01944390_10704 117 50 430 338
n01944390_8679 80 11 306 481
n01944390_3753 3 181 491 403
n01944390_6620 95 22 457 381
n01944390_4891 3 44 429 294
n01944390_4489 423 248 2295 1409
n01944390_12040 75 87 478 270
n01944390_13330 3 58 473 241
n01944390_6277 131 55 540 285
n01944390_11129 51 51 353 288
n01944390_12178 88 55 440 372
n01944390_1544 54 31 487 279
n01944390_2981 55 81 451 283
n01944390_13849 76 84 413 321
n01944390_891 121 63 414 335
n01944390_2531 50 19 159 126
n01944390_1025 48 57 420 271
n01944390_13246 24 69 391 255
n01944390_1870 155 80 393 448
n01944390_11352 101 33 420 285
n01944390_25 45 45 458 307
n01944390_5954 33 107 439 272
n01944390_6169 2 38 306 395
n01944390_3157 97 40 382 316
n01944390_4898 64 86 459 298
n01944390_2771 67 140 386 467
n01944390_11608 11 146 437 309
n01944390_13056 168 9 498 230
n01944390_8415 77 59 456 380
n01944390_6497 54 17 370 241
n01944390_10085 58 33 474 214
n01944390_5767 64 113 435 311
n01944390_12744 51 52 373 267
n01944390_12001 53 25 317 440
