n01984695_11397 115 75 497 320
n01984695_25557 78 70 470 310
n01984695_380 0 132 497 372
n01984695_14021 113 3 499 248
n01984695_37926 125 22 439 279
n01984695_42852 0 117 499 281
n01984695_9790 44 100 468 325
n01984695_23848 0 141 394 374
n01984695_35157 87 100 373 435
n01984695_47058 42 0 332 316
n01984695_37534 72 107 499 332
n01984695_41816 1 83 383 321
n01984695_59347 51 125 439 374
n01984695_34749 37 54 453 248
n01984695_15582 0 1 406 239
n01984695_30992 0 71 425 230
n01984695_74738 0 186 310 498
n01984695_3899 125 0 384 332
n01984695_71815 92 88 499 326
n01984695_12049 125 66 451 332
n01984695_45882 90 10 315 443
n01984695_4401 121 8 390 342
n01984695_42538 72 27 431 277
n01984695_33739 1 97 499 272
n01984695_403 112 0 426 279
n01984695_61208 88 125 459 366
n01984695_1547 1 96 499 293
n01984695_49344 230 17 489 362
n01984695_15466 203 73 499 374
n01984695_39236 73 97 499 328
n01984695_8569 60 119 440 369
n01984695_26715 65 0 389 304
n01984695_24704 106 144 499 369
n01984695_41760 43 58 185 199
n01984695_56142 48 31 345 366
n01984695_23051 114 2 429 250
n01984695_40254 101 27 439 258
n01984695_31956 126 18 441 297
n01984695_41121 72 0 386 279
n01984695_39428 163 0 466 289
n01984695_46451 31 50 469 272
n01984695_7632 72 1 339 328
n01984695_16670 0 52 499 253
n01984695_16418 116 0 496 264
n01984695_19852 3 96 466 314
n01984695_44205 0 100 429 336
n01984695_17224 81 100 488 305
n01984695_16884 18 17 326 348
n01984695_13262 96 117 430 373
n01984695_34573 0 118 638 380
n01984695_53798 1 27 426 228
n01984695_17002 123 115 462 366
n01984695_14074 103 74 476 349
n01984695_66418 83 93 499 340
n01984695_49601 40 31 307 417
n01984695_3620 133 92 499 374
n01984695_7822 65 10 368 288
n01984695_47529 109 73 429 336
n01984695_35401 129 1 450 324
n01984695_7550 63 130 499 358
n01984695_8317 33 144 429 331
n01984695_28809 0 139 461 320
n01984695_44640 51 22 470 242
n01984695_25852 0 70 373 293
n01984695_37950 22 43 407 314
n01984695_26713 152 66 499 314
n01984695_42073 70 96 455 310
n01984695_14635 108 105 499 374
n01984695_45690 2 48 499 260
n01984695_48360 1 91 499 297
n01984695_15662 1 99 442 338
n01984695_4855 81 0 415 308
n01984695_42937 95 74 499 276
n01984695_23622 123 0 395 300
n01984695_4959 125 85 498 370
n01984695_30927 2 120 499 283
n01984695_37720 104 74 432 317
n01984695_49428 0 125 499 315
n01984695_41317 122 90 498 374
n01984695_25056 147 5 454 315
n01984695_32010 65 34 499 270
n01984695_44658 142 37 415 328
n01984695_13610 0 106 426 360
n01984695_40023 0 89 381 374
n01984695_48017 110 7 332 498
n01984695_2070 37 0 313 312
n01984695_35665 0 40 319 286
n01984695_19020 129 70 499 332
n01984695_34255 79 55 438 262
n01984695_23738 44 71 252 164
n01984695_49089 117 136 447 373
n01984695_34566 168 14 408 303
n01984695_4126 103 0 465 303
n01984695_19061 176 11 389 374
n01984695_16188 0 52 233 157
n01984695_1132 3 79 499 302
n01984695_26268 38 67 400 374
n01984695_15600 18 39 216 176
n01984695_33043 23 44 476 298
n01984695_60449 122 79 499 374
