n02055803_413 112 59 421 451
n02055803_6265 37 50 257 462
n02055803_4527 66 47 395 334
n02055803_1413 65 63 300 458
n02055803_256 66 53 368 333
n02055803_10080 77 66 395 330
n02055803_377 42 97 288 448
n02055803_853 0 107 359 333
n02055803_3 46 55 380 301
n02055803_1314 186 56 499 331
n02055803_8361 97 117 498 333
n02055803_1059 15 73 320 418
n02055803_25 71 111 271 498
n02055803_3184 68 3 499 210
n02055803_814 96 57 345 470
n02055803_1017 137 0 499 247
n02055803_1702 79 79 372 373
n02055803_1042 95 85 446 374
n02055803_547 68 125 290 475
n02055803_1307 111 109 499 374
n02055803_1487 148 81 499 374
n02055803_35 136 60 436 328
n02055803_530 68 48 298 498
n02055803_1098 97 40 407 374
n02055803_1088 26 87 258 407
n02055803_1309 62 82 430 438
n02055803_8426 90 56 406 279
n02055803_891 75 71 277 477
n02055803_439 68 126 326 443
n02055803_4319 79 37 478 302
n02055803_8278 69 5 290 332
n02055803_187 134 36 374 374
n02055803_6381 61 26 369 373
n02055803_3221 86 99 390 332
n02055803_1377 63 55 320 482
n02055803_4317 111 32 377 297
n02055803_4955 83 77 281 401
n02055803_208 73 115 262 468
n02055803_293 6 95 452 348
n02055803_7487 36 105 444 249
n02055803_1237 108 110 325 452
n02055803_1265 51 85 309 475
n02055803_7646 8 83 261 343
n02055803_9506 70 45 422 326
n02055803_1414 116 104 499 297
n02055803_261 142 52 421 372
n02055803_856 77 97 331 498
n02055803_1213 31 117 263 427
n02055803_5282 238 18 493 263
n02055803_138 137 91 362 402
n02055803_629 15 42 321 270
n02055803_9499 196 132 499 330
n02055803_9310 177 22 421 268
n02055803_3566 0 89 384 243
n02055803_351 41 57 330 430
n02055803_1517 0 40 484 185
n02055803_1326 87 138 266 460
n02055803_1400 53 36 378 231
n02055803_905 85 166 314 427
n02055803_8852 52 88 456 253
n02055803_7682 78 205 373 417
n02055803_8802 152 60 367 318
n02055803_877 86 0 322 234
n02055803_553 115 107 296 448
n02055803_1148 0 61 496 288
n02055803_591 108 112 278 446
n02055803_9214 37 178 267 440
n02055803_6617 46 20 321 485
n02055803_6994 36 32 307 472
n02055803_1067 88 35 480 455
n02055803_834 33 68 333 498
n02055803_1273 0 97 323 498
n02055803_9245 131 100 342 374
n02055803_1352 140 68 329 368
n02055803_6550 213 33 394 366
n02055803_773 23 103 201 380
n02055803_406 16 62 262 477
n02055803_3489 237 21 394 333
n02055803_3521 73 29 463 332
n02055803_4452 95 57 312 293
n02055803_9685 108 56 311 289
n02055803_2321 102 72 414 237
n02055803_6395 107 165 280 427
n02055803_1393 100 45 335 238
n02055803_422 160 68 392 262
n02055803_9933 57 78 498 474
n02055803_6442 96 126 309 333
n02055803_7694 13 62 456 374
n02055803_209 2 112 361 498
n02055803_3376 3 49 435 365
n02055803_701 171 57 347 299
n02055803_83 136 128 279 421
n02055803_338 0 41 442 381
n02055803_7739 131 136 300 412
n02055803_9990 117 167 280 451
n02055803_1484 113 142 290 402
n02055803_9667 126 95 405 241
n02055803_1350 250 68 438 284
n02055803_417 0 0 387 332
n02055803_100 103 53 310 223
