n02081571_26679 76 37 364 361
n02081571_22839 8 185 499 374
n02081571_22935 0 49 472 189
n02081571_21593 59 41 438 258
n02081571_19376 114 103 665 379
n02081571_19416 95 0 406 306
n02081571_11524 61 143 331 445
n02081571_18578 0 38 285 374
n02081571_22788 0 68 325 331
n02081571_5945 61 52 349 332
n02081571_27398 135 61 499 297
n02081571_24690 106 66 348 430
n02081571_27145 130 59 435 352
n02081571_9214 120 2 497 236
n02081571_13021 192 43 498 332
n02081571_13998 0 39 245 183
n02081571_22774 71 29 499 209
n02081571_1043 0 0 331 329
n02081571_1047 59 100 494 333
n02081571_251 158 0 432 279
n02081571_24485 19 42 236 151
n02081571_12205 11 33 172 164
n02081571_18240 124 53 368 466
n02081571_27144 48 48 348 473
n02081571_21551 60 92 368 332
n02081571_20532 150 73 499 373
n02081571_10648 70 92 284 439
n02081571_22760 1 193 271 498
n02081571_25753 57 68 499 280
n02081571_21781 105 69 431 379
n02081571_1151 27 93 407 372
n02081571_26186 60 121 373 381
n02081571_24299 24 133 499 332
n02081571_26050 15 138 311 498
n02081571_22900 0 126 286 458
n02081571_7280 26 47 196 215
n02081571_20263 25 23 199 147
n02081571_13721 91 35 419 248
n02081571_26655 61 107 276 455
n02081571_22908 1 85 212 288
n02081571_22923 36 70 286 379
n02081571_1229 34 30 281 351
n02081571_12537 42 101 598 353
n02081571_22910 24 15 125 180
n02081571_23676 28 107 270 390
n02081571_25359 1 0 298 373
n02081571_11617 72 56 268 446
n02081571_23081 20 0 291 282
n02081571_23907 0 141 287 351
n02081571_1670 33 40 277 162
n02081571_25586 65 4 359 444
n02081571_25983 192 50 450 407
n02081571_19728 115 50 494 372
n02081571_23147 95 167 326 490
n02081571_13506 51 14 201 139
n02081571_26929 122 32 296 455
n02081571_26470 164 106 491 305
n02081571_23057 0 57 363 374
n02081571_26781 1 85 424 256
n02081571_22884 144 43 387 307
n02081571_25627 40 55 330 453
n02081571_19644 70 23 432 307
n02081571_16671 142 76 387 332
n02081571_27521 58 57 379 471
n02081571_22268 24 47 279 280
n02081571_23589 107 16 264 483
n02081571_23646 161 26 408 307
n02081571_23514 127 39 335 369
n02081571_22696 7 6 224 126
n02081571_994 92 43 398 265
n02081571_21074 212 107 498 319
n02081571_23481 103 96 393 330
n02081571_27354 88 0 409 374
n02081571_26230 148 26 498 331
n02081571_23238 256 58 494 309
n02081571_26398 160 98 438 339
n02081571_27580 67 72 481 333
n02081571_10277 37 100 329 262
n02081571_26660 88 51 499 314
n02081571_1235 37 122 297 374
n02081571_26400 129 1 549 318
n02081571_427 95 88 361 330
n02081571_555 32 30 453 323
n02081571_26267 33 221 301 433
n02081571_26405 31 46 306 460
n02081571_20844 20 36 437 300
n02081571_27025 108 51 348 315
n02081571_12000 139 25 499 332
n02081571_23588 112 66 345 393
n02081571_24261 0 116 328 285
n02081571_13194 45 167 321 392
n02081571_26675 31 62 359 230
n02081571_25687 7 1 344 332
n02081571_23037 26 45 467 326
n02081571_11451 110 48 498 374
n02081571_22371 12 56 499 316
n02081571_23038 113 50 256 453
n02081571_564 0 84 310 478
n02081571_21178 21 83 340 271
n02081571_11063 118 19 300 344
