n02076196_408 0 80 327 366
n02076196_16185 0 0 344 271
n02076196_10330 73 93 331 413
n02076196_13893 8 112 474 310
n02076196_6051 0 108 361 369
n02076196_8794 93 109 499 318
n02076196_6525 35 42 379 312
n02076196_3154 117 63 499 315
n02076196_4859 34 59 461 261
n02076196_5018 2 73 445 268
n02076196_16800 41 38 433 244
n02076196_10596 64 73 391 372
n02076196_2044 24 29 159 97
n02076196_1243 83 86 427 372
n02076196_1157 21 87 431 327
n02076196_9399 23 43 329 300
n02076196_2926 52 85 433 346
n02076196_1267 63 93 252 330
n02076196_6611 48 106 357 432
n02076196_10548 71 115 498 383
n02076196_10727 82 7 414 281
n02076196_9342 128 66 454 317
n02076196_13309 8 95 408 284
n02076196_9368 184 78 499 346
n02076196_5323 79 78 364 374
n02076196_16371 73 143 331 498
n02076196_8273 124 72 497 333
n02076196_8124 0 83 215 284
n02076196_18889 0 174 416 373
n02076196_19381 73 97 385 498
n02076196_10243 81 78 378 218
n02076196_18026 84 8 423 289
n02076196_10575 22 7 123 78
n02076196_13 51 71 323 361
n02076196_975 26 34 453 277
n02076196_21067 0 264 383 522
n02076196_7048 0 92 431 336
n02076196_8983 65 40 499 277
n02076196_8697 100 86 499 333
n02076196_1967 0 118 369 347
n02076196_19520 140 16 524 486
n02076196_3336 2 23 394 306
n02076196_331 77 108 736 420
n02076196_20157 0 142 405 309
n02076196_7535 0 60 365 245
n02076196_834 121 65 375 326
n02076196_1107 113 10 420 374
n02076196_1635 139 123 499 332
n02076196_4496 7 87 310 327
n02076196_671 134 57 386 318
n02076196_421 81 107 374 332
n02076196_15347 0 53 472 219
n02076196_33 26 18 123 105
n02076196_8331 42 23 455 284
n02076196_4767 250 68 491 332
n02076196_338 8 48 468 322
n02076196_17306 2 85 345 293
n02076196_5497 40 76 440 234
n02076196_6097 16 13 199 103
n02076196_20968 88 44 386 250
n02076196_8301 54 21 215 143
n02076196_15430 154 26 499 331
n02076196_6646 206 33 471 288
n02076196_1370 24 14 122 82
n02076196_2530 66 88 385 297
n02076196_8630 165 96 499 293
n02076196_9361 1 73 461 339
n02076196_9563 66 78 305 323
n02076196_263 54 92 498 356
n02076196_3226 59 41 460 435
n02076196_2637 144 36 382 270
n02076196_8784 12 9 245 185
n02076196_2375 77 94 408 306
n02076196_16267 91 21 376 224
n02076196_6147 86 44 362 239
n02076196_7056 182 78 451 318
n02076196_6688 25 87 461 210
n02076196_4415 73 77 447 273
n02076196_7587 22 98 302 265
n02076196_9222 2 53 245 328
n02076196_17495 26 170 405 310
n02076196_18235 77 100 412 257
n02076196_20377 57 109 467 236
n02076196_2190 29 28 274 207
n02076196_5554 45 252 331 427
n02076196_2469 54 123 388 290
n02076196_10391 25 47 96 177
n02076196_8821 0 41 223 259
n02076196_2434 2 22 406 317
n02076196_10104 101 142 498 277
n02076196_6702 2 0 361 374
n02076196_9574 69 91 408 239
n02076196_6079 44 2 499 319
n02076196_9135 36 31 480 266
n02076196_1455 80 50 499 374
n02076196_9231 84 96 365 280
n02076196_4823 101 129 481 265
n02076196_7117 133 0 499 325
n02076196_2759 187 55 469 214
n02076196_7003 36 1 290 262
