n02041246_12956 118 61 493 311
n02041246_34502 25 35 447 259
n02041246_5233 51 34 423 261
n02041246_7397 161 9 445 296
n02041246_1645 123 77 431 376
n02041246_16838 41 47 376 318
n02041246_19143 94 62 469 349
n02041246_6385 63 28 415 292
n02041246_7904 40 93 331 391
n02041246_12413 70 39 498 235
n02041246_26688 108 13 498 238
n02041246_13412 76 53 282 453
n02041246_5805 0 36 298 374
n02041246_8612 58 24 443 253
n02041246_8718 57 39 355 314
n02041246_12364 36 82 451 300
n02041246_4769 58 88 303 471
n02041246_13719 41 44 448 186
n02041246_12693 90 65 487 342
n02041246_20823 37 27 390 371
n02041246_23300 177 65 452 328
n02041246_13573 80 59 439 282
n02041246_12610 0 20 268 322
n02041246_22289 52 71 415 331
n02041246_1477 62 51 357 294
n02041246_11663 46 83 405 294
n02041246_1005 76 40 468 290
n02041246_11928 114 86 457 320
n02041246_3618 1 142 499 305
n02041246_8343 1 73 384 282
n02041246_12202 109 21 492 271
n02041246_28534 30 61 354 304
n02041246_13248 155 24 447 281
n02041246_17224 123 53 423 287
n02041246_16181 58 25 376 333
n02041246_16400 93 28 415 328
n02041246_16389 66 73 424 275
n02041246_23618 142 25 493 305
n02041246_3463 1 96 301 387
n02041246_10867 1 74 376 372
n02041246_12217 50 57 335 355
n02041246_30 196 0 499 298
n02041246_3423 52 59 458 299
n02041246_6954 1 67 370 374
n02041246_2651 36 22 388 346
n02041246_7373 121 97 450 294
n02041246_19072 45 81 437 430
n02041246_3640 113 46 349 375
n02041246_626 137 64 456 271
n02041246_7901 0 5 499 186
n02041246_23159 103 46 297 443
n02041246_839 56 92 368 297
n02041246_16038 65 62 336 297
n02041246_20408 78 33 333 443
n02041246_19457 70 42 475 331
n02041246_17900 34 62 348 285
n02041246_2347 39 130 458 297
n02041246_6262 172 92 462 333
n02041246_6078 67 68 370 331
n02041246_7678 1 65 383 374
n02041246_13842 26 44 413 393
n02041246_11566 109 86 469 262
n02041246_7125 130 54 384 286
n02041246_8004 35 66 499 327
n02041246_1366 0 112 250 374
n02041246_5505 144 66 372 441
n02041246_4133 78 96 498 438
n02041246_8605 42 25 447 259
n02041246_12457 59 15 435 341
n02041246_27963 24 35 364 206
n02041246_8192 54 76 481 331
n02041246_18235 9 61 413 367
n02041246_22831 36 84 469 203
n02041246_14000 27 110 488 231
n02041246_4512 1 153 499 279
n02041246_18596 65 82 499 357
n02041246_5670 65 100 435 266
n02041246_9384 60 9 434 301
n02041246_3587 57 10 382 158
n02041246_7428 107 161 292 497
n02041246_15542 142 39 343 294
n02041246_4830 77 27 464 306
n02041246_15464 37 18 453 290
n02041246_19253 113 3 370 211
n02041246_1568 56 36 400 206
n02041246_23874 12 120 315 292
n02041246_3131 214 27 453 243
n02041246_15972 72 22 331 260
n02041246_6646 116 105 492 238
n02041246_3016 134 94 404 286
n02041246_3958 50 36 241 328
n02041246_23748 12 28 410 379
n02041246_26767 247 27 436 291
n02041246_6200 118 139 448 309
n02041246_29937 54 56 442 211
n02041246_7535 187 173 476 416
n02041246_13325 119 15 309 307
n02041246_19912 26 18 460 377
n02041246_6590 46 71 499 331
n02041246_13493 52 42 397 203
