n02129604_16333 0 64 309 333
n02129604_10949 198 2 499 301
n02129604_5041 35 12 129 236
n02129604_8143 12 110 363 380
n02129604_10483 15 110 449 310
n02129604_15230 64 61 395 316
n02129604_5462 102 52 417 321
n02129604_10532 72 130 331 457
n02129604_1194 14 32 147 162
n02129604_12907 87 91 499 324
n02129604_10890 169 68 496 317
n02129604_10156 0 60 315 332
n02129604_5250 64 39 473 275
n02129604_9866 167 73 499 333
n02129604_2796 54 60 464 275
n02129604_2750 78 49 403 297
n02129604_2873 125 122 432 563
n02129604_5055 0 148 275 463
n02129604_5892 145 33 461 308
n02129604_11428 174 24 432 332
n02129604_836 0 33 376 294
n02129604_8140 21 97 442 290
n02129604_1055 43 65 337 228
n02129604_630 74 0 373 330
n02129604_2760 13 49 255 134
n02129604_4675 130 0 400 491
n02129604_7714 31 88 438 280
n02129604_7198 11 46 444 230
n02129604_1705 87 20 320 483
n02129604_973 1 1 167 134
n02129604_6587 12 130 257 448
n02129604_31 47 110 653 448
n02129604_13959 52 53 414 330
n02129604_8260 29 36 357 307
n02129604_11283 0 75 347 332
n02129604_7029 22 65 286 200
n02129604_3971 67 102 457 300
n02129604_2678 0 8 133 60
n02129604_2185 16 141 310 402
n02129604_5340 41 42 274 428
n02129604_10837 93 46 473 309
n02129604_1086 51 94 286 390
n02129604_1049 178 14 485 270
n02129604_2795 108 11 300 487
n02129604_2304 8 0 344 268
n02129604_12628 1 52 261 401
n02129604_4495 183 44 499 333
n02129604_13756 36 24 433 330
n02129604_9243 158 0 499 268
n02129604_3122 7 89 284 241
n02129604_7212 123 62 404 330
n02129604_10391 188 92 499 333
n02129604_130 40 22 186 195
n02129604_7373 1 72 443 280
n02129604_6335 114 29 464 242
n02129604_11099 115 0 350 356
n02129604_3213 128 31 375 330
n02129604_3671 58 70 320 423
n02129604_11850 32 54 497 241
n02129604_12656 84 52 437 288
n02129604_3951 57 104 536 354
n02129604_123 92 59 467 307
n02129604_13409 8 0 448 167
n02129604_21519 19 76 364 304
n02129604_637 54 125 463 340
n02129604_4252 106 15 227 165
n02129604_8760 48 80 399 252
n02129604_17243 107 64 468 358
n02129604_1919 42 39 184 114
n02129604_4133 0 213 373 498
n02129604_13666 26 100 434 332
n02129604_15731 53 44 459 266
n02129604_3168 87 55 398 286
n02129604_7554 26 80 370 230
n02129604_16345 31 31 165 159
n02129604_20552 19 57 458 274
n02129604_7056 57 78 332 426
n02129604_6721 25 44 315 326
n02129604_10238 0 99 306 330
n02129604_7340 152 80 433 330
n02129604_9705 51 78 388 298
n02129604_5178 12 104 342 316
n02129604_5070 72 0 306 298
n02129604_4649 0 0 437 269
n02129604_20738 53 2 139 88
n02129604_10180 19 89 476 240
n02129604_21787 3 28 172 114
n02129604_6025 85 69 439 440
n02129604_1036 8 21 125 78
n02129604_12986 0 83 417 435
n02129604_4800 1 65 145 238
n02129604_8618 127 68 487 256
n02129604_215 176 24 498 331
n02129604_3633 52 43 436 219
n02129604_3119 27 57 340 266
n02129604_1426 62 202 331 451
n02129604_4041 59 54 499 309
n02129604_14214 35 71 478 296
n02129604_1172 28 45 288 598
n02129604_1491 118 102 528 360
