n02118333_7524 149 15 414 329
n02118333_9629 86 60 316 453
n02118333_10198 22 61 336 447
n02118333_11887 95 81 437 378
n02118333_9459 127 53 458 309
n02118333_14423 73 32 391 288
n02118333_10160 174 1 440 321
n02118333_3590 108 22 384 318
n02118333_7122 36 0 336 427
n02118333_11813 0 2 311 261
n02118333_1253 163 152 611 451
n02118333_14422 102 1 340 392
n02118333_10217 2 27 372 240
n02118333_8267 20 6 78 60
n02118333_9735 86 69 472 381
n02118333_4155 70 45 467 245
n02118333_8150 132 0 421 343
n02118333_6427 0 38 308 324
n02118333_4109 60 50 403 340
n02118333_12388 126 14 418 279
n02118333_11247 10 16 260 373
n02118333_8900 33 141 304 425
n02118333_6439 11 97 342 385
n02118333_9020 0 85 340 309
n02118333_11798 20 7 85 79
n02118333_7050 137 47 477 326
n02118333_10893 34 49 475 273
n02118333_3279 55 68 196 253
n02118333_6988 120 72 432 297
n02118333_6735 52 48 411 334
n02118333_8615 40 57 315 360
n02118333_6753 115 44 415 295
n02118333_6622 158 30 460 333
n02118333_12234 131 31 432 373
n02118333_8521 63 52 437 278
n02118333_14789 1 90 367 373
n02118333_12311 102 18 345 323
n02118333_970 14 53 303 338
n02118333_12641 52 46 286 446
n02118333_9474 58 12 381 340
n02118333_12897 75 90 370 361
n02118333_15686 41 26 205 153
n02118333_9751 60 71 480 297
n02118333_6662 149 45 499 352
n02118333_474 66 19 413 312
n02118333_11249 18 40 453 202
n02118333_2226 3 7 92 120
n02118333_6456 15 36 146 105
n02118333_14906 53 100 351 364
n02118333_13816 25 77 320 450
n02118333_7192 19 65 464 285
n02118333_5299 10 8 164 123
n02118333_2295 69 78 449 236
n02118333_8406 175 70 437 333
n02118333_3946 60 27 319 180
n02118333_12556 163 20 476 374
n02118333_11376 26 61 410 369
n02118333_11347 147 63 432 301
n02118333_8233 19 28 426 254
n02118333_6830 79 0 378 337
n02118333_7663 85 68 475 374
n02118333_5349 95 87 499 365
n02118333_7550 44 0 368 348
n02118333_7133 16 32 362 361
n02118333_1389 18 32 134 110
n02118333_9910 33 52 316 478
n02118333_11585 59 92 366 334
n02118333_7140 172 24 499 332
n02118333_11979 59 12 380 391
n02118333_5234 54 54 367 288
n02118333_13624 83 59 488 310
n02118333_1649 74 75 437 211
n02118333_11319 101 48 376 284
n02118333_8931 87 31 465 383
n02118333_5717 20 41 170 225
n02118333_7332 17 55 373 233
n02118333_7798 64 69 389 271
n02118333_14162 45 126 332 488
n02118333_2287 10 28 431 283
n02118333_14850 101 65 418 249
n02118333_3331 29 53 459 296
n02118333_6346 0 80 336 264
n02118333_8797 167 37 395 308
n02118333_7631 92 88 331 398
n02118333_11668 78 83 393 304
n02118333_11859 23 102 363 283
n02118333_12225 44 18 201 288
n02118333_5762 1 24 168 143
n02118333_11749 45 67 305 329
n02118333_2737 15 46 294 183
n02118333_7368 127 44 498 332
n02118333_1219 70 94 413 266
n02118333_11590 102 11 437 332
n02118333_10800 136 38 334 373
n02118333_10254 29 117 376 319
n02118333_674 94 38 463 332
n02118333_14522 90 77 380 301
n02118333_9118 160 87 460 279
n02118333_1726 32 49 188 140
n02118333_5140 76 62 250 391
