n02131653_7910 68 86 328 472
n02131653_5205 30 202 325 486
n02131653_8274 41 120 269 481
n02131653_10762 181 52 499 343
n02131653_6094 76 0 323 374
n02131653_9706 44 121 488 329
n02131653_642 132 50 447 312
n02131653_13178 64 80 376 374
n02131653_2 107 19 417 328
n02131653_1537 41 67 423 335
n02131653_8010 79 50 389 364
n02131653_1368 92 24 394 307
n02131653_13021 43 95 303 452
n02131653_508 149 0 420 318
n02131653_6126 0 41 298 343
n02131653_5529 49 77 412 300
n02131653_11391 32 92 260 408
n02131653_14321 52 37 300 388
n02131653_5813 1 83 309 373
n02131653_11282 176 76 499 352
n02131653_13446 0 22 324 266
n02131653_4811 4 27 350 284
n02131653_650 145 63 373 452
n02131653_11847 60 38 471 192
n02131653_7969 0 130 364 373
n02131653_2859 0 72 354 352
n02131653_5566 62 82 289 470
n02131653_2786 107 3 381 325
n02131653_6244 72 74 409 335
n02131653_4586 69 61 426 433
n02131653_11217 149 25 426 306
n02131653_10409 84 62 372 329
n02131653_2586 41 45 328 282
n02131653_1886 148 58 431 332
n02131653_7902 96 59 435 286
n02131653_12235 0 61 330 332
n02131653_6170 3 92 485 278
n02131653_3192 61 82 485 263
n02131653_5331 57 27 288 248
n02131653_7163 60 83 311 385
n02131653_13589 153 64 494 330
n02131653_6429 34 55 396 356
n02131653_9062 0 86 352 396
n02131653_2976 0 52 267 463
n02131653_2882 63 92 429 374
n02131653_7142 0 62 340 372
n02131653_4242 127 24 458 307
n02131653_2089 26 83 322 400
n02131653_10988 80 83 463 295
n02131653_13216 63 55 404 332
n02131653_9142 105 100 305 498
n02131653_1717 159 102 457 365
n02131653_13811 61 100 250 478
n02131653_10195 159 18 410 347
n02131653_4002 128 42 409 285
n02131653_409 45 13 159 125
n02131653_353 92 61 365 379
n02131653_11072 28 0 325 331
n02131653_3207 0 32 398 330
n02131653_4019 0 31 320 480
n02131653_4253 54 60 354 312
n02131653_3808 0 55 420 294
n02131653_9208 148 100 465 311
n02131653_10788 44 81 405 264
n02131653_558 2 2 139 92
n02131653_10403 28 93 404 268
n02131653_330 1 49 306 238
n02131653_4503 175 20 498 332
n02131653_1442 73 19 416 313
n02131653_6680 31 105 732 520
n02131653_3520 170 27 498 377
n02131653_12584 78 34 463 297
n02131653_1380 77 122 477 285
n02131653_11379 121 98 499 288
n02131653_851 0 44 355 332
n02131653_3130 150 45 499 374
n02131653_10231 94 74 499 240
n02131653_1163 51 2 396 298
n02131653_2934 42 16 210 157
n02131653_4554 53 172 267 472
n02131653_11000 0 0 345 300
n02131653_10584 48 115 338 332
n02131653_3272 11 40 162 200
n02131653_2663 0 13 238 242
n02131653_5983 118 23 455 331
n02131653_14203 87 90 399 315
n02131653_6400 21 32 382 386
n02131653_9309 172 56 398 332
n02131653_758 4 11 95 77
n02131653_10506 153 81 447 291
n02131653_6216 38 60 413 399
n02131653_5879 0 76 270 467
n02131653_6197 100 69 402 295
n02131653_2333 0 48 367 373
n02131653_1589 0 65 399 331
n02131653_5034 95 13 324 276
n02131653_1408 21 52 413 386
n02131653_6184 11 47 486 273
n02131653_11369 58 92 318 398
n02131653_3605 124 69 395 377
