n02128925_35214 3 78 364 338
n02128925_19652 0 56 416 257
n02128925_34624 2 120 269 430
n02128925_37338 66 53 499 273
n02128925_6842 11 31 182 104
n02128925_3634 169 69 499 348
n02128925_39651 38 56 476 274
n02128925_5756 105 87 462 315
n02128925_26299 79 22 389 331
n02128925_30669 0 85 337 370
n02128925_9688 34 9 125 231
n02128925_38033 0 204 762 579
n02128925_29034 76 61 499 289
n02128925_31710 14 32 180 105
n02128925_33180 180 71 499 374
n02128925_34960 97 138 319 474
n02128925_8099 78 110 499 340
n02128925_3373 47 17 254 242
n02128925_31264 46 54 375 361
n02128925_12398 97 12 374 363
n02128925_36523 98 24 377 373
n02128925_11961 35 104 456 347
n02128925_3523 90 112 499 324
n02128925_34585 181 91 498 374
n02128925_22765 0 102 329 374
n02128925_39138 51 72 421 264
n02128925_19349 19 68 249 154
n02128925_23682 62 82 499 282
n02128925_30174 98 34 239 179
n02128925_28430 67 128 273 498
n02128925_485 80 41 454 276
n02128925_14033 17 9 61 111
n02128925_1688 64 42 383 355
n02128925_32970 0 35 331 303
n02128925_577 121 62 486 306
n02128925_38671 25 67 235 456
n02128925_348 41 43 239 166
n02128925_20528 0 101 608 426
n02128925_37065 75 45 394 285
n02128925_818 31 32 179 99
n02128925_33177 42 33 265 269
n02128925_23718 46 48 277 225
n02128925_24436 27 30 176 112
n02128925_33033 113 68 464 311
n02128925_6668 135 106 465 335
n02128925_29693 185 6 499 245
n02128925_11930 142 115 485 335
n02128925_32341 110 61 440 374
n02128925_3851 0 97 304 374
n02128925_35135 33 67 430 279
n02128925_37603 17 8 94 94
n02128925_912 31 103 285 465
n02128925_4016 33 97 479 288
n02128925_271 0 11 95 202
n02128925_3298 46 33 327 286
n02128925_37597 143 75 494 374
n02128925_10728 32 18 133 248
n02128925_10325 0 112 316 373
n02128925_25418 103 97 499 334
n02128925_20713 60 18 360 264
n02128925_31456 50 71 358 305
n02128925_32100 114 0 333 332
n02128925_31989 52 0 335 498
n02128925_16426 112 40 438 329
n02128925_33576 0 125 480 346
n02128925_33253 81 56 469 243
n02128925_17375 25 121 166 249
n02128925_35730 0 105 499 295
n02128925_19260 105 92 499 297
n02128925_15043 52 34 334 173
n02128925_1405 0 72 365 332
n02128925_33817 103 112 379 344
n02128925_38893 0 171 443 332
n02128925_8012 94 12 425 183
n02128925_4553 63 90 466 289
n02128925_35950 138 179 692 552
n02128925_33219 0 52 412 305
n02128925_5046 0 104 495 322
n02128925_35420 35 25 265 332
n02128925_31279 13 27 97 178
n02128925_23069 167 0 461 369
n02128925_2095 29 0 106 84
n02128925_38504 0 12 384 265
n02128925_25468 56 86 361 342
n02128925_29812 127 15 434 333
n02128925_38970 27 66 470 286
n02128925_31151 106 105 375 430
n02128925_1594 21 99 218 270
n02128925_16798 171 37 499 374
n02128925_6384 64 63 360 321
n02128925_30022 13 72 298 309
n02128925_7692 111 14 331 321
n02128925_2562 2 140 499 293
n02128925_13164 24 91 451 353
n02128925_8274 92 99 499 374
n02128925_16021 95 46 499 293
n02128925_34144 63 34 408 324
n02128925_9155 121 17 295 109
n02128925_10029 118 58 394 327
n02128925_32208 86 123 407 336
