n02130308_875 7 18 96 60
n02130308_10460 41 52 310 234
n02130308_11467 0 109 356 374
n02130308_15971 94 54 353 498
n02130308_12792 62 112 249 332
n02130308_6720 65 24 332 333
n02130308_932 84 50 395 334
n02130308_20478 178 38 466 331
n02130308_12471 3 84 366 310
n02130308_4844 23 11 108 99
n02130308_20098 7 101 214 496
n02130308_16811 8 51 488 236
n02130308_2592 154 97 499 374
n02130308_14188 145 56 481 277
n02130308_876 125 17 393 319
n02130308_2434 163 77 499 332
n02130308_13977 12 101 481 273
n02130308_22746 0 142 583 504
n02130308_11169 53 76 411 278
n02130308_16594 139 38 433 332
n02130308_3170 145 57 436 332
n02130308_18893 0 76 426 259
n02130308_2550 194 64 499 326
n02130308_1050 16 64 362 396
n02130308_13200 86 42 272 478
n02130308_12317 14 16 93 74
n02130308_18849 0 73 419 281
n02130308_16214 77 82 423 312
n02130308_17249 0 65 403 282
n02130308_2599 1 24 285 332
n02130308_14156 44 161 435 356
n02130308_15775 60 45 359 227
n02130308_13757 21 53 360 294
n02130308_4059 125 69 469 326
n02130308_19369 28 42 395 256
n02130308_22892 32 34 233 324
n02130308_5692 34 41 416 254
n02130308_18861 51 10 327 332
n02130308_650 100 34 383 362
n02130308_1750 122 32 352 498
n02130308_16052 34 12 313 332
n02130308_6838 16 18 130 187
n02130308_5557 11 43 177 103
n02130308_278 31 115 581 416
n02130308_2826 0 114 351 332
n02130308_2442 97 53 302 426
n02130308_17083 132 24 438 309
n02130308_3943 57 43 422 290
n02130308_2415 29 61 422 331
n02130308_5186 2 102 395 332
n02130308_17714 0 75 460 297
n02130308_14069 0 115 438 323
n02130308_19046 1 73 342 374
n02130308_15026 0 69 372 316
n02130308_10390 45 55 409 322
n02130308_22355 153 138 497 416
n02130308_18313 130 51 413 317
n02130308_21170 51 55 283 467
n02130308_1293 88 6 317 332
n02130308_5108 89 102 575 321
n02130308_1459 88 67 459 266
n02130308_19444 258 24 499 333
n02130308_10114 79 59 518 271
n02130308_18680 115 66 491 313
n02130308_16461 3 8 41 42
n02130308_3102 154 36 429 335
n02130308_14070 45 33 386 323
n02130308_1250 26 74 485 278
n02130308_16468 43 80 391 290
n02130308_17250 0 24 285 288
n02130308_15379 16 110 344 332
n02130308_17998 131 34 446 330
n02130308_20677 85 39 452 327
n02130308_2623 69 88 787 466
n02130308_1572 185 32 499 331
n02130308_20901 4 24 173 87
n02130308_4053 40 17 230 95
n02130308_959 0 88 379 277
n02130308_14159 163 49 499 332
n02130308_21317 142 63 499 331
n02130308_4766 1 60 179 152
n02130308_18315 84 58 406 305
n02130308_20284 0 70 480 224
n02130308_20288 76 91 439 284
n02130308_2233 6 8 372 309
n02130308_10556 27 111 474 327
n02130308_18603 61 46 428 310
n02130308_4862 4 0 266 296
n02130308_17233 114 27 449 317
n02130308_7940 47 136 306 405
n02130308_3460 114 42 444 374
n02130308_4510 78 63 463 265
n02130308_14925 40 14 291 215
n02130308_1289 36 39 270 145
n02130308_619 23 62 271 458
n02130308_16658 12 65 376 269
n02130308_10820 61 69 341 259
n02130308_19537 109 82 424 324
n02130308_20002 121 95 440 307
n02130308_18272 0 76 388 331
