n02114855_8453 66 72 407 348
n02114855_14954 68 67 437 383
n02114855_6074 42 34 191 271
n02114855_11684 162 19 431 365
n02114855_19667 35 30 156 117
n02114855_5469 108 49 421 264
n02114855_7589 94 103 483 328
n02114855_5 89 64 390 412
n02114855_3970 80 24 379 306
n02114855_13619 87 8 283 250
n02114855_8355 74 47 298 233
n02114855_16860 18 55 436 250
n02114855_9220 92 65 452 338
n02114855_4755 36 27 113 121
n02114855_3391 22 49 184 155
n02114855_19608 1 106 380 332
n02114855_2459 110 59 422 268
n02114855_2349 39 96 378 332
n02114855_5839 61 16 277 209
n02114855_2017 69 18 343 399
n02114855_7804 21 35 262 242
n02114855_4771 83 31 352 275
n02114855_11862 44 76 453 308
n02114855_16625 45 82 479 301
n02114855_17840 0 67 362 357
n02114855_11544 109 35 378 329
n02114855_3835 159 58 478 333
n02114855_19783 71 59 499 268
n02114855_17369 63 120 358 486
n02114855_13121 155 10 441 285
n02114855_15972 73 136 361 503
n02114855_16567 24 17 119 191
n02114855_13897 133 124 499 346
n02114855_9300 44 70 404 286
n02114855_7779 34 16 130 194
n02114855_12808 31 68 342 415
n02114855_13720 175 61 470 357
n02114855_1682 105 57 479 281
n02114855_1768 159 40 470 330
n02114855_10948 169 102 642 376
n02114855_8634 0 129 351 374
n02114855_782 43 7 191 160
n02114855_10423 53 101 403 389
n02114855_7422 90 26 336 374
n02114855_12308 56 60 354 433
n02114855_7197 127 56 448 565
n02114855_19199 122 40 384 371
n02114855_7767 67 0 226 289
n02114855_12507 30 62 390 293
n02114855_18296 16 45 279 331
n02114855_9232 47 65 281 466
n02114855_20242 60 61 443 281
n02114855_14605 118 0 395 333
n02114855_12366 0 16 384 256
n02114855_9466 16 17 163 220
n02114855_16833 100 46 325 303
n02114855_7745 25 6 98 152
n02114855_1561 140 50 404 296
n02114855_3187 80 49 683 453
n02114855_9273 44 69 444 276
n02114855_16920 81 12 309 399
n02114855_11787 161 53 452 338
n02114855_14529 58 37 332 304
n02114855_12813 0 153 307 421
n02114855_7263 33 31 154 143
n02114855_4848 23 96 356 305
n02114855_11717 185 67 453 359
n02114855_16324 0 48 413 223
n02114855_5746 41 26 181 119
n02114855_950 18 100 371 305
n02114855_4199 82 46 437 367
n02114855_6847 102 132 378 498
n02114855_13996 0 65 115 181
n02114855_4480 62 71 347 353
n02114855_10269 61 56 402 429
n02114855_11594 73 0 360 332
n02114855_18610 53 32 434 314
n02114855_6328 75 17 424 292
n02114855_4815 25 13 188 160
n02114855_18270 1 69 384 320
n02114855_12225 10 77 413 316
n02114855_2425 87 73 809 500
n02114855_11519 16 97 432 286
n02114855_17748 84 64 352 324
n02114855_12405 52 31 271 268
n02114855_4961 141 32 466 366
n02114855_12754 1 138 358 332
n02114855_3453 101 53 437 442
n02114855_15759 115 87 332 442
n02114855_1124 15 9 98 80
n02114855_16031 0 7 303 341
n02114855_10484 155 72 437 314
n02114855_2008 60 67 300 408
n02114855_8487 89 98 420 342
n02114855_1382 62 7 150 154
n02114855_3496 15 24 102 106
n02114855_5286 72 117 400 358
n02114855_3748 86 83 402 243
n02114855_103 124 0 499 298
n02114855_10926 16 19 106 83
