n02129165_11523 54 56 396 300
n02129165_2372 57 80 556 364
n02129165_10291 56 89 499 276
n02129165_7283 43 26 364 291
n02129165_20515 19 21 122 82
n02129165_12011 59 28 361 302
n02129165_16393 106 70 497 313
n02129165_22795 0 53 133 218
n02129165_20117 32 61 300 202
n02129165_19953 92 47 398 351
n02129165_8391 165 26 430 344
n02129165_7729 12 87 404 288
n02129165_12551 86 16 363 309
n02129165_23013 42 65 471 278
n02129165_4646 32 18 253 482
n02129165_21315 17 128 421 366
n02129165_9277 38 70 332 362
n02129165_126 1 106 440 301
n02129165_1244 21 129 456 314
n02129165_19508 0 83 309 374
n02129165_24007 38 1 359 249
n02129165_4523 13 18 112 85
n02129165_2507 28 28 226 313
n02129165_244 52 22 355 219
n02129165_25527 234 104 1201 629
n02129165_6427 10 47 379 283
n02129165_2853 18 5 135 81
n02129165_13588 12 109 496 273
n02129165_688 182 42 499 318
n02129165_12444 30 39 400 237
n02129165_14271 123 58 485 300
n02129165_23463 132 42 485 291
n02129165_1901 18 77 282 410
n02129165_19843 154 34 488 274
n02129165_501 2 35 299 331
n02129165_13068 93 36 437 409
n02129165_6863 42 65 455 307
n02129165_4098 100 59 450 287
n02129165_237 163 10 465 306
n02129165_1995 43 91 378 327
n02129165_1784 140 100 489 320
n02129165_3309 223 61 499 373
n02129165_304 12 91 443 326
n02129165_24597 22 123 351 428
n02129165_14027 0 101 383 325
n02129165_242 74 24 457 194
n02129165_13011 93 38 461 285
n02129165_22581 100 15 481 279
n02129165_16644 125 81 481 293
n02129165_11752 114 73 499 310
n02129165_10194 59 26 149 116
n02129165_2295 1 48 357 305
n02129165_5387 116 22 552 479
n02129165_3951 90 87 441 299
n02129165_19931 47 21 348 267
n02129165_13150 231 51 498 310
n02129165_13459 63 84 460 276
n02129165_935 183 31 471 301
n02129165_15340 1 45 326 332
n02129165_19331 11 69 481 255
n02129165_20846 69 37 420 327
n02129165_5589 212 65 499 351
n02129165_22299 1 126 373 468
n02129165_905 140 54 499 316
n02129165_15616 142 67 499 325
n02129165_19533 2 58 270 342
n02129165_14471 87 67 432 303
n02129165_25336 58 113 585 354
n02129165_12149 64 77 494 245
n02129165_5845 19 43 378 306
n02129165_3257 106 92 493 370
n02129165_4563 27 56 294 329
n02129165_888 20 48 288 325
n02129165_3864 96 36 386 282
n02129165_12039 69 58 362 390
n02129165_4239 41 92 422 283
n02129165_8418 54 76 424 267
n02129165_385 19 16 123 98
n02129165_12540 18 51 478 260
n02129165_2056 53 76 409 305
n02129165_494 13 68 487 271
n02129165_2149 13 15 173 166
n02129165_11539 60 166 498 498
n02129165_4144 25 49 163 222
n02129165_1096 1 35 407 374
n02129165_15255 122 32 458 249
n02129165_14240 1 55 355 226
n02129165_2354 110 33 454 316
n02129165_23406 0 83 371 292
n02129165_24357 23 20 231 311
n02129165_14157 10 92 301 328
n02129165_4300 159 57 463 282
n02129165_11949 13 59 322 280
n02129165_19801 31 161 303 403
n02129165_11280 22 80 439 346
n02129165_87 8 26 346 322
n02129165_1943 1 13 310 332
n02129165_14443 2 15 448 266
n02129165_15482 33 41 398 424
n02129165_12961 128 66 499 332
