n02219486_28983 107 48 499 291
n02219486_7061 16 93 424 324
n02219486_23059 113 26 401 318
n02219486_22116 129 31 417 316
n02219486_21633 42 92 499 279
n02219486_22772 65 40 331 482
n02219486_14046 190 0 468 343
n02219486_16606 132 23 452 322
n02219486_17589 76 80 437 334
n02219486_29187 153 36 453 306
n02219486_21743 73 33 412 286
n02219486_25482 19 63 489 246
n02219486_20614 50 42 372 322
n02219486_21502 32 106 439 346
n02219486_30021 101 2 366 341
n02219486_21569 22 10 403 255
n02219486_15976 101 17 350 411
n02219486_25145 40 48 291 426
n02219486_8235 16 107 438 316
n02219486_24339 79 56 403 374
n02219486_23852 70 32 392 367
n02219486_21238 72 25 402 331
n02219486_11462 59 32 206 149
n02219486_21377 82 21 358 292
n02219486_30285 158 36 475 330
n02219486_11540 52 6 161 137
n02219486_23413 106 107 495 374
n02219486_21933 92 21 308 267
n02219486_30211 12 72 338 287
n02219486_9685 0 38 424 260
n02219486_26459 67 58 479 323
n02219486_27815 38 162 439 425
n02219486_21538 139 1 453 306
n02219486_23998 80 5 387 238
n02219486_26924 0 228 293 498
n02219486_29259 82 51 406 372
n02219486_26697 74 53 448 346
n02219486_30500 183 115 499 332
n02219486_15025 42 19 371 317
n02219486_23567 238 30 479 319
n02219486_26182 142 11 354 373
n02219486_23082 58 6 362 370
n02219486_26134 41 76 487 298
n02219486_5494 25 20 289 261
n02219486_30819 148 47 470 361
n02219486_1181 66 105 450 312
n02219486_13178 67 39 490 370
n02219486_22442 8 17 263 467
n02219486_7443 143 50 457 284
n02219486_5360 33 63 323 286
n02219486_18312 15 73 340 408
n02219486_21916 55 117 309 371
n02219486_5337 4 43 411 295
n02219486_8913 87 50 310 441
n02219486_30472 111 100 451 281
n02219486_11448 70 98 420 319
n02219486_7185 87 34 499 317
n02219486_20459 28 23 228 153
n02219486_17829 150 93 488 276
n02219486_28223 80 35 336 253
n02219486_23704 179 84 446 340
n02219486_23981 129 92 498 277
n02219486_30614 121 115 481 306
n02219486_24155 49 153 375 410
n02219486_23841 48 127 293 413
n02219486_27825 87 56 320 407
n02219486_24618 47 35 464 293
n02219486_22526 7 77 482 338
n02219486_25577 14 67 488 269
n02219486_27255 65 91 282 390
n02219486_30380 109 1 438 399
n02219486_20550 67 87 318 342
n02219486_30879 56 49 217 205
n02219486_26279 208 84 440 331
n02219486_28433 146 35 382 285
n02219486_11580 80 78 434 258
n02219486_30413 99 45 352 296
n02219486_29729 105 0 438 189
n02219486_24920 66 130 312 335
n02219486_23386 85 233 481 441
n02219486_18596 128 205 452 457
n02219486_3312 35 31 445 326
n02219486_20132 38 0 481 254
n02219486_26142 82 28 224 174
n02219486_24849 17 86 320 467
n02219486_24244 166 82 366 399
n02219486_29103 51 1 499 287
n02219486_22840 1 153 331 498
n02219486_9437 48 0 391 332
n02219486_25353 38 0 424 296
n02219486_30167 54 8 310 213
n02219486_26890 43 0 499 282
n02219486_9820 129 58 436 236
n02219486_22835 22 51 456 349
n02219486_27185 212 85 465 309
n02219486_7949 145 66 360 325
n02219486_26281 18 98 365 481
n02219486_20730 12 61 398 421
n02219486_29422 51 41 496 334
n02219486_22682 118 17 361 217
