n02331046_12278 60 106 424 365
n02331046_11148 1 0 376 247
n02331046_2572 160 76 499 326
n02331046_14813 47 2 335 381
n02331046_13846 1 28 388 266
n02331046_15962 0 161 373 417
n02331046_3821 0 84 462 283
n02331046_10468 112 44 499 291
n02331046_15679 93 71 499 307
n02331046_10847 188 27 498 322
n02331046_8815 49 27 408 292
n02331046_11643 119 62 453 355
n02331046_3277 125 16 396 322
n02331046_9704 0 0 396 199
n02331046_12720 39 35 331 374
n02331046_5163 50 71 498 292
n02331046_4619 0 61 466 250
n02331046_2803 46 71 484 340
n02331046_3606 15 12 113 90
n02331046_4003 0 73 433 318
n02331046_11182 45 58 362 372
n02331046_3892 0 97 361 372
n02331046_10305 89 35 499 278
n02331046_14170 159 3 499 250
n02331046_11596 4 48 277 353
n02331046_9156 163 76 457 374
n02331046_8541 76 0 499 207
n02331046_13774 1 66 345 252
n02331046_11113 63 48 393 313
n02331046_395 57 0 395 278
n02331046_10707 156 11 429 331
n02331046_11716 80 0 337 342
n02331046_11768 167 46 432 374
n02331046_7082 171 93 559 459
n02331046_14784 134 43 449 287
n02331046_15559 11 76 496 221
n02331046_10214 8 75 425 324
n02331046_6016 52 53 380 332
n02331046_529 66 108 499 302
n02331046_2950 132 31 391 354
n02331046_8237 50 47 375 330
n02331046_2947 134 11 409 342
n02331046_12051 0 75 341 318
n02331046_4403 94 0 424 319
n02331046_2869 43 51 441 319
n02331046_11859 39 88 499 318
n02331046_9695 127 15 424 332
n02331046_4071 21 28 123 178
n02331046_2291 97 37 384 319
n02331046_14399 65 0 373 310
n02331046_2665 74 23 401 306
n02331046_10979 187 0 480 272
n02331046_2220 10 12 128 71
n02331046_4773 80 31 387 289
n02331046_2333 37 14 499 249
n02331046_9696 44 74 307 374
n02331046_821 95 9 474 297
n02331046_9325 60 88 407 313
n02331046_1335 62 45 404 330
n02331046_864 11 52 252 366
n02331046_12401 57 70 458 360
n02331046_13010 0 91 426 271
n02331046_14057 0 87 350 305
n02331046_3528 92 72 391 327
n02331046_14744 1 5 474 242
n02331046_5317 145 122 352 492
n02331046_10816 0 42 375 341
n02331046_12615 0 97 405 374
n02331046_13215 0 101 319 334
n02331046_11775 103 76 499 369
n02331046_12739 50 74 478 299
n02331046_86 119 0 420 374
n02331046_9670 181 64 489 245
n02331046_14519 0 105 369 281
n02331046_619 63 54 499 236
n02331046_750 60 55 250 252
n02331046_221 241 79 721 468
n02331046_9514 137 9 364 330
n02331046_8573 63 206 498 373
n02331046_8404 67 87 463 270
n02331046_14924 1 98 416 272
n02331046_5169 111 42 468 355
n02331046_4324 70 87 325 375
n02331046_3530 30 15 393 298
n02331046_9436 83 81 417 271
n02331046_14612 69 64 401 279
n02331046_8966 13 82 373 278
n02331046_1312 120 81 371 359
n02331046_491 159 87 403 374
n02331046_11169 124 99 498 285
n02331046_13227 154 20 497 364
n02331046_9465 188 8 414 251
n02331046_8833 56 1 159 119
n02331046_9824 107 50 381 301
n02331046_9508 73 1 250 203
n02331046_8233 23 63 267 154
n02331046_1183 132 45 360 349
n02331046_774 57 118 240 488
n02331046_1598 148 51 440 282
n02331046_9329 58 73 333 289
