n02326432_34759 112 23 403 344
n02326432_11399 192 52 499 322
n02326432_4276 64 59 424 320
n02326432_14582 130 36 415 371
n02326432_22108 181 73 499 332
n02326432_3740 66 58 448 300
n02326432_13052 58 55 343 441
n02326432_16303 18 57 218 215
n02326432_684 69 5 171 127
n02326432_10459 79 4 356 347
n02326432_15276 86 12 347 366
n02326432_10412 58 19 261 252
n02326432_4854 62 30 273 232
n02326432_10726 99 66 444 321
n02326432_6340 126 59 499 306
n02326432_10455 52 9 328 305
n02326432_15216 59 52 351 359
n02326432_42519 0 17 283 344
n02326432_2945 112 63 337 485
n02326432_37131 73 80 447 324
n02326432_7310 54 33 402 255
n02326432_7491 41 4 138 142
n02326432_11422 49 27 223 284
n02326432_17991 98 5 438 291
n02326432_10256 65 61 258 398
n02326432_9461 136 29 421 333
n02326432_5927 122 12 419 361
n02326432_1304 17 25 149 185
n02326432_21843 165 26 448 334
n02326432_10162 0 28 308 310
n02326432_7891 37 36 150 218
n02326432_5598 128 41 439 297
n02326432_10626 57 79 459 302
n02326432_35931 36 66 363 332
n02326432_15075 71 12 222 170
n02326432_12074 96 106 331 443
n02326432_12595 39 1 321 328
n02326432_4504 61 44 432 280
n02326432_5234 104 201 1417 802
n02326432_8900 69 18 393 343
n02326432_108 47 36 212 159
n02326432_8366 45 5 324 362
n02326432_2306 63 2 226 184
n02326432_8143 162 17 429 345
n02326432_11905 101 68 445 455
n02326432_13793 1 89 369 300
n02326432_12067 55 56 396 382
n02326432_9569 92 101 593 464
n02326432_10238 47 70 335 454
n02326432_12785 149 5 425 328
n02326432_8951 51 19 171 287
n02326432_10299 52 100 418 413
n02326432_10468 68 28 229 283
n02326432_2787 179 99 493 374
n02326432_12324 52 55 316 423
n02326432_2902 79 134 308 510
n02326432_6511 107 28 473 275
n02326432_9285 84 53 227 461
n02326432_10366 6 72 220 457
n02326432_6767 78 15 287 224
n02326432_1138 180 11 477 333
n02326432_39448 101 93 482 332
n02326432_10367 134 56 498 748
n02326432_7870 92 62 428 430
n02326432_7362 179 102 490 374
n02326432_24 65 62 294 390
n02326432_36910 118 61 438 335
n02326432_13360 10 24 184 162
n02326432_10281 73 90 291 402
n02326432_10527 43 27 186 111
n02326432_4095 100 40 280 463
n02326432_7497 77 0 498 247
n02326432_122 140 10 428 332
n02326432_15882 27 26 100 121
n02326432_32993 76 39 372 288
n02326432_595 230 25 549 433
n02326432_10843 2 32 204 194
n02326432_12025 69 43 431 333
n02326432_10402 55 149 410 633
n02326432_7531 65 13 235 287
n02326432_21444 57 75 377 303
n02326432_3003 100 6 272 220
n02326432_5409 191 40 445 471
n02326432_5165 32 33 235 219
n02326432_40237 123 30 445 465
n02326432_31088 45 40 391 229
n02326432_15405 175 15 558 561
n02326432_25365 61 6 295 351
n02326432_20094 52 63 335 336
n02326432_2737 100 76 353 259
n02326432_7821 40 41 209 290
n02326432_10108 0 0 291 328
n02326432_7212 52 2 174 157
n02326432_9574 125 28 355 374
n02326432_13121 23 65 444 286
n02326432_11876 3 5 298 331
n02326432_779 44 25 364 360
n02326432_14683 35 16 247 208
n02326432_2494 47 32 298 193
n02326432_11891 119 17 370 331
