n02391049_2631 134 32 472 309
n02391049_643 70 83 393 374
n02391049_2782 202 53 499 332
n02391049_2136 81 56 413 293
n02391049_621 206 47 499 374
n02391049_2691 152 46 444 456
n02391049_1211 20 18 305 317
n02391049_2460 27 8 340 338
n02391049_2879 195 0 499 285
n02391049_8878 165 74 499 332
n02391049_602 55 49 837 503
n02391049_3098 91 21 363 316
n02391049_1149 133 23 420 324
n02391049_261 0 110 265 412
n02391049_10047 0 0 273 318
n02391049_6385 150 43 440 352
n02391049_2048 52 64 409 295
n02391049_2673 36 43 235 482
n02391049_9193 129 40 426 307
n02391049_2146 81 33 460 285
n02391049_2756 149 25 481 368
n02391049_1118 60 55 356 350
n02391049_1725 99 7 374 288
n02391049_283 0 71 295 335
n02391049_8696 63 65 398 295
n02391049_9777 71 62 419 268
n02391049_8782 151 75 499 334
n02391049_544 185 32 486 287
n02391049_9160 120 65 312 473
n02391049_3770 73 36 374 357
n02391049_3779 109 64 484 364
n02391049_7416 46 44 439 318
n02391049_944 75 86 290 440
n02391049_10129 2 77 340 403
n02391049_538 49 37 410 319
n02391049_8699 120 6 432 298
n02391049_3046 19 116 339 253
n02391049_6993 59 39 371 332
n02391049_4069 71 7 431 261
n02391049_1526 118 28 441 347
n02391049_87 72 28 427 286
n02391049_835 35 34 307 320
n02391049_1156 115 19 424 353
n02391049_9331 13 55 317 301
n02391049_10131 150 84 557 380
n02391049_2341 25 90 247 355
n02391049_4814 114 68 414 346
n02391049_2982 106 7 335 417
n02391049_9400 44 71 448 320
n02391049_9719 89 145 468 364
n02391049_2586 94 65 383 351
n02391049_2304 57 98 498 379
n02391049_7678 99 6 399 357
n02391049_3239 74 59 424 360
n02391049_3091 120 90 433 323
n02391049_9965 43 57 276 460
n02391049_71 115 20 359 316
n02391049_7105 36 42 443 324
n02391049_8266 53 40 476 265
n02391049_1063 0 44 330 332
n02391049_4903 71 71 238 497
n02391049_3034 130 87 427 441
n02391049_415 38 50 431 323
n02391049_6860 63 75 448 260
n02391049_10257 0 0 287 374
n02391049_9822 27 53 372 274
n02391049_2784 173 64 458 312
n02391049_4351 49 44 240 199
n02391049_2191 137 3 440 264
n02391049_7886 65 25 409 305
n02391049_1038 205 50 454 330
n02391049_3682 8 56 357 333
n02391049_1121 184 29 499 374
n02391049_1891 179 27 499 329
n02391049_10007 1 22 315 312
n02391049_682 5 86 258 235
n02391049_964 133 92 499 306
n02391049_2091 87 60 386 321
n02391049_468 20 26 334 262
n02391049_43 22 63 210 498
n02391049_2166 45 73 227 445
n02391049_2696 63 47 388 283
n02391049_3840 131 0 335 331
n02391049_934 53 53 435 438
n02391049_4028 159 79 433 352
n02391049_6159 44 101 467 366
n02391049_2996 0 27 264 299
n02391049_10210 49 101 456 296
n02391049_7038 66 99 498 331
n02391049_9593 127 32 368 315
n02391049_788 93 137 319 498
n02391049_9918 111 48 375 296
n02391049_2350 8 120 373 432
n02391049_2984 117 86 424 298
n02391049_4058 0 34 329 229
n02391049_857 172 9 372 321
n02391049_2014 92 4 412 365
n02391049_628 68 85 420 279
n02391049_3232 127 92 432 300
n02391049_1024 83 94 428 307
