n02374451_13825 76 59 382 331
n02374451_4124 62 69 422 329
n02374451_5181 132 58 475 397
n02374451_7243 15 12 315 353
n02374451_4495 0 24 268 333
n02374451_6155 6 0 191 399
n02374451_207 0 251 331 498
n02374451_1199 56 18 167 121
n02374451_92 136 46 433 321
n02374451_2616 100 40 454 279
n02374451_17474 97 55 397 374
n02374451_10942 76 86 453 302
n02374451_16133 0 125 388 373
n02374451_13845 105 26 390 378
n02374451_2248 43 73 402 311
n02374451_12960 0 77 206 263
n02374451_11894 32 92 269 456
n02374451_5901 120 63 451 305
n02374451_18570 91 70 446 357
n02374451_8269 48 120 459 382
n02374451_12225 213 28 499 331
n02374451_276 67 128 424 401
n02374451_257 92 75 330 408
n02374451_1189 1 97 335 365
n02374451_12239 138 38 437 425
n02374451_11540 0 118 316 480
n02374451_12250 126 73 454 374
n02374451_9642 11 67 240 441
n02374451_2804 0 45 379 276
n02374451_1062 124 1 458 254
n02374451_12760 56 134 330 455
n02374451_125 51 143 299 457
n02374451_16470 93 121 462 332
n02374451_4197 82 20 291 498
n02374451_10129 132 52 331 498
n02374451_12792 1 90 353 374
n02374451_9225 27 106 392 350
n02374451_15276 229 8 467 374
n02374451_12847 67 141 310 498
n02374451_4963 102 72 439 330
n02374451_14097 115 1 385 438
n02374451_17190 81 45 388 328
n02374451_1234 33 20 466 271
n02374451_3848 265 1 498 447
n02374451_2372 16 42 389 312
n02374451_4991 133 129 478 391
n02374451_2628 26 106 358 431
n02374451_2988 39 21 160 90
n02374451_10118 46 79 359 411
n02374451_12019 0 39 308 331
n02374451_5399 41 71 224 371
n02374451_3496 131 54 422 310
n02374451_6656 240 41 499 332
n02374451_6521 73 74 424 288
n02374451_11483 67 40 267 497
n02374451_4538 92 44 404 374
n02374451_779 30 81 330 385
n02374451_18563 181 18 486 327
n02374451_18311 85 62 456 309
n02374451_1961 87 122 388 498
n02374451_5931 1 109 423 354
n02374451_13684 159 38 413 332
n02374451_756 39 1 347 337
n02374451_1206 54 17 234 202
n02374451_11290 1 0 261 355
n02374451_10346 125 12 452 330
n02374451_18085 147 58 424 316
n02374451_4106 13 110 377 345
n02374451_9722 164 1 499 278
n02374451_18072 56 81 354 323
n02374451_8953 52 97 322 498
n02374451_260 119 0 373 324
n02374451_5368 0 0 342 213
n02374451_693 71 137 326 498
n02374451_2443 68 88 291 411
n02374451_12625 1 140 247 431
n02374451_7660 13 62 452 303
n02374451_4818 254 29 497 375
n02374451_10074 0 33 315 332
n02374451_13612 147 49 395 397
n02374451_3808 56 131 493 374
n02374451_16114 147 106 451 373
n02374451_16358 48 38 290 468
n00477639_11150 136 91 434 332
n02374451_8806 58 43 320 452
n02374451_16285 73 88 371 316
n02374451_12254 58 98 441 442
n02374451_12584 45 79 441 351
n02374451_15095 111 88 480 429
n02374451_12087 32 64 321 309
n02374451_14853 22 24 270 192
n02374451_15440 0 63 358 331
n02374451_2233 54 131 420 383
n02374451_9620 208 95 499 347
n02374451_11479 0 26 333 315
n02374451_11048 181 41 452 299
n02374451_8308 61 83 353 456
n02374451_7495 1 44 334 372
n02374451_411 36 85 380 287
n02374451_15259 129 34 498 389
