n02395406_2291 27 6 87 68
n02395406_2968 9 69 296 176
n02395406_13575 78 182 372 498
n02395406_6157 82 0 479 234
n02395406_2305 4 126 448 305
n02395406_1284 25 101 257 465
n02395406_18654 114 24 413 333
n02395406_18552 100 0 369 401
n02395406_39526 58 59 265 178
n02395406_14590 20 78 222 191
n02395406_22145 0 78 374 296
n02395406_9300 64 47 451 258
n02395406_5545 53 9 196 230
n02395406_2910 80 36 391 333
n02395406_2186 86 13 271 179
n02395406_39533 1 1 351 276
n02395406_4683 64 10 212 143
n02395406_2676 81 16 332 184
n02395406_1624 184 57 766 581
n02395406_4755 13 62 400 231
n02395406_4068 136 0 416 347
n02395406_9807 182 1 513 446
n02395406_29307 67 15 337 334
n02395406_2776 82 99 422 330
n02395406_10889 92 20 274 456
n02395406_28113 177 13 426 332
n02395406_3150 27 11 103 102
n02395406_3260 5 22 123 84
n02395406_262 19 50 119 136
n02395406_2836 3 55 148 199
n02395406_1712 21 75 178 261
n02395406_433 42 106 548 392
n02395406_32784 1 0 334 264
n02395406_190 84 13 325 276
n02395406_2518 50 22 251 192
n02395406_27225 36 78 349 324
n02395406_3738 24 0 110 136
n02395406_220 2 98 397 354
n02395406_30547 52 108 440 330
n02395406_17687 119 23 377 319
n02395406_4526 9 72 180 210
n02395406_15749 122 51 361 287
n02395406_25680 124 33 379 323
n02395406_13674 121 134 477 374
n02395406_22678 0 1 326 263
n02395406_13877 34 45 408 318
n02395406_1877 27 22 145 190
n02395406_3567 42 55 381 194
n02395406_3002 10 69 306 291
n02395406_3492 89 0 192 141
n02395406_4429 3 165 407 397
n02395406_112 110 32 331 498
n02395406_8959 65 50 422 286
n02395406_33729 43 5 301 406
n02395406_6299 48 33 203 149
n02395406_3179 60 78 470 326
n02395406_19313 33 93 495 318
n02395406_1027 7 98 317 271
n02395406_5062 56 0 335 332
n02395406_755 77 56 367 359
n02395406_33109 64 0 358 357
n02395406_10057 89 71 369 281
n02395406_9081 56 0 339 478
n02395406_1786 162 48 695 507
n02395406_569 30 131 478 380
n02395406_5444 23 69 382 272
n02395406_1141 2 37 132 128
n02395406_27259 72 5 317 339
n02395406_24579 73 2 387 323
n02395406_10137 124 0 418 321
n02395406_2617 45 29 165 185
n02395406_26616 15 36 254 263
n02395406_1046 89 188 561 442
n02395406_1663 48 79 585 404
n02395406_2527 18 10 95 134
n02395406_3011 25 118 584 439
n02395406_26048 2 69 464 300
n02395406_2326 0 1 291 229
n02395406_32585 49 49 444 273
n02395406_35236 77 66 472 345
n02395406_2279 14 127 486 403
n02395406_6101 16 19 183 109
n02395406_23055 81 59 353 313
n02395406_2294 146 0 499 305
n02395406_557 75 54 484 391
n02395406_5129 12 26 112 86
n02395406_14786 32 80 290 498
n02395406_3458 30 71 194 296
n02395406_2784 56 0 343 271
n02395406_9970 1 123 365 498
n02395406_29129 0 128 322 374
n02395406_837 166 54 434 266
n02395406_32574 49 85 438 364
n02395406_48 17 96 554 283
n02395406_25809 102 54 638 350
n02395406_31905 23 57 388 271
n02395406_2695 46 187 340 492
n02395406_3549 28 105 486 339
n02395406_1949 181 0 499 306
n02395406_4153 20 53 274 189
