n02342885_13017 189 52 482 372
n02342885_8492 88 82 491 314
n02342885_939 98 36 401 436
n02342885_7912 35 13 343 281
n02342885_34 125 14 403 376
n02342885_168 87 83 348 357
n02342885_13873 88 56 409 318
n02342885_8207 44 99 485 314
n02342885_8091 13 86 498 318
n02342885_12762 0 126 372 423
n02342885_4410 4 0 391 212
n02342885_10581 42 63 427 318
n02342885_18 127 64 467 335
n02342885_1702 83 40 418 315
n02342885_247 97 29 415 359
n02342885_10923 99 1 390 331
n02342885_7645 199 48 479 374
n02342885_15 38 46 371 388
n02342885_12194 127 17 407 470
n02342885_12846 108 64 410 444
n02342885_13990 75 71 421 428
n02342885_4843 53 53 413 365
n02342885_9265 82 118 337 498
n02342885_10401 48 15 381 306
n02342885_13788 105 42 386 446
n02342885_5329 111 0 432 302
n02342885_13371 98 52 407 391
n02342885_13032 101 36 412 327
n02342885_11361 1 0 343 284
n02342885_5436 93 22 387 445
n02342885_12137 186 80 462 498
n02342885_12155 201 23 495 316
n02342885_4982 127 30 364 480
n02342885_1814 6 65 420 381
n02342885_12895 86 43 434 326
n02342885_12845 46 26 357 343
n02342885_3804 108 31 402 473
n02342885_166 76 11 407 310
n02342885_6644 46 62 339 225
n02342885_12243 128 64 499 331
n02342885_9292 69 56 418 378
n02342885_4434 0 0 325 271
n02342885_3291 108 15 385 423
n02342885_11189 37 141 341 430
n02342885_2760 88 3 414 309
n02342885_4055 74 25 383 345
n02342885_7870 79 0 413 332
n02342885_888 0 31 315 277
n02342885_9821 68 65 297 402
n02342885_12356 1 138 499 340
n02342885_7397 0 113 477 324
n02342885_9690 61 27 394 341
n02342885_3645 240 11 488 366
n02342885_54 81 38 361 445
n02342885_315 74 45 410 443
n02342885_3555 187 0 419 328
n02342885_559 72 13 399 410
n02342885_12891 96 79 381 400
n02342885_13885 137 21 476 392
n02342885_10088 110 39 347 269
n02342885_1337 96 52 391 476
n02342885_1690 0 68 290 422
n02342885_13870 132 67 445 338
n02342885_13864 144 75 499 332
n02342885_1087 63 63 421 350
n02342885_13438 133 2 394 290
n02342885_9147 110 42 420 314
n02342885_13616 60 89 440 361
n02342885_10891 66 30 380 323
n02342885_13398 106 44 423 371
n02342885_6652 27 0 382 292
n02342885_12175 7 34 384 309
n02342885_9428 74 19 382 291
n02342885_5328 62 121 373 390
n02342885_6319 59 14 342 388
n02342885_12660 82 31 364 326
n02342885_12616 0 38 312 373
n02342885_12933 75 77 358 447
n02342885_177 82 142 380 466
n02342885_14064 89 39 395 345
n02342885_1475 156 34 399 374
n02342885_250 122 31 389 340
n02342885_277 73 26 423 326
n02342885_12773 45 51 429 410
n02342885_10521 114 29 474 257
n02342885_12826 29 2 113 81
n02342885_12782 140 91 464 343
n02342885_6873 146 24 405 302
n02342885_10583 13 82 487 325
n02342885_9965 77 16 416 296
n02342885_5577 65 2 389 295
n02342885_3147 150 55 457 317
n02342885_8868 92 64 383 340
n02342885_727 81 36 403 448
n02342885_4485 5 89 360 315
n02342885_3287 136 58 420 324
n02342885_9308 211 12 685 398
n02342885_12380 129 69 413 360
n02342885_6396 60 42 415 428
n02342885_10966 63 106 350 468
