n02360282_13602 124 28 498 277
n02360282_2066 54 21 159 143
n02360282_12816 111 52 438 383
n02360282_12671 88 31 396 327
n02360282_11256 118 0 459 364
n02360282_7150 59 71 445 287
n02360282_7466 102 107 484 360
n02360282_9778 74 0 317 331
n02360282_561 146 0 483 266
n02360282_1514 118 66 448 361
n02360282_10995 18 75 316 367
n02360282_2399 121 88 584 527
n02360282_1313 18 100 291 390
n02360282_7186 156 66 499 296
n02360282_12579 46 116 280 455
n02360282_11534 40 30 438 233
n02360282_6880 95 22 375 423
n02360282_1709 94 50 470 317
n02360282_1360 88 85 329 465
n02360282_13620 46 60 344 331
n02360282_10216 38 1 378 299
n02360282_9924 95 0 334 425
n02360282_1974 0 61 324 374
n02360282_12329 162 52 668 606
n02360282_13388 113 141 373 472
n02360282_7693 74 101 465 299
n02360282_13085 63 3 498 240
n02360282_13109 7 122 509 346
n02360282_271 77 39 414 428
n02360282_5046 39 0 123 99
n02360282_2252 35 38 443 216
n02360282_7032 22 87 372 463
n02360282_5544 93 70 397 431
n02360282_8533 0 54 346 360
n02360282_1387 9 98 420 243
n02360282_6071 93 53 290 467
n02360282_773 140 80 472 298
n02360282_899 34 43 218 195
n02360282_2983 27 35 195 275
n02360282_6819 110 54 428 279
n02360282_11118 179 0 499 298
n02360282_6622 14 91 416 351
n02360282_475 30 13 193 148
n02360282_10087 135 61 426 336
n02360282_4609 52 61 351 604
n02360282_2115 121 0 485 296
n02360282_7270 77 116 498 378
n02360282_13373 26 101 449 299
n02360282_4858 68 22 240 249
n02360282_12670 68 101 411 329
n02360282_11427 1 66 324 308
n02360282_13473 25 11 152 137
n02360282_8509 72 58 427 470
n02360282_7056 78 64 444 255
n02360282_343 0 104 383 283
n02360282_8371 3 63 461 265
n02360282_10514 15 50 487 275
n02360282_881 17 81 207 438
n02360282_12299 121 103 366 433
n02360282_13520 198 97 499 350
n02360282_12003 171 83 449 309
n02360282_941 67 72 259 416
n02360282_667 84 95 238 355
n02360282_7441 73 42 353 293
n02360282_12862 3 67 321 299
n02360282_6874 18 38 409 313
n02360282_4688 29 24 316 323
n02360282_633 151 49 383 349
n02360282_8148 418 140 2036 1798
n02360282_5489 136 9 481 306
n02360282_11751 106 21 534 541
n02360282_12127 169 53 410 323
n02360282_6013 11 20 213 172
n02360282_9085 51 128 332 498
n02360282_3628 103 21 351 306
n02360282_6081 91 64 436 266
n02360282_12935 11 55 385 370
n02360282_2253 14 22 209 246
n02360282_2686 207 67 497 276
n02360282_8160 46 61 272 364
n02360282_12603 92 5 390 437
n02360282_955 89 119 256 372
n02360282_1031 6 1 78 57
n02360282_11758 90 37 498 498
n02360282_8311 125 108 306 460
n02360282_2268 47 57 212 161
n02360282_7031 91 36 296 340
n02360282_7831 131 80 425 302
n02360282_9228 63 67 241 396
n02360282_7385 54 6 154 195
n02360282_12543 26 68 257 392
n02360282_12515 22 196 331 381
n02360282_11517 0 5 341 326
n02360282_1190 43 66 358 208
n02360282_7726 32 101 404 273
n02360282_11082 15 47 313 237
n02360282_7077 148 37 339 370
n02360282_9363 1 97 307 281
n02360282_6994 332 0 720 685
n02360282_8431 162 92 386 468
