n02330245_15445 106 45 434 298
n02330245_2957 136 47 422 374
n02330245_8046 77 0 370 321
n02330245_927 7 242 336 498
n02330245_5202 97 18 408 328
n02330245_2891 102 40 499 272
n02330245_95 7 2 341 256
n02330245_7887 147 26 428 329
n02330245_5693 9 84 397 293
n02330245_11204 1 40 354 299
n02330245_843 104 13 371 374
n02330245_6361 109 0 327 278
n02330245_6481 2 39 188 191
n02330245_16339 0 33 299 336
n02330245_16836 0 0 388 250
n02330245_7956 156 35 457 332
n02330245_6868 11 160 323 410
n02330245_4043 1 134 475 363
n02330245_2819 120 52 488 268
n02330245_500 93 56 407 360
n02330245_12872 80 1 375 305
n02330245_8151 105 27 394 337
n02330245_405 62 68 499 255
n02330245_2583 40 72 470 301
n02330245_7327 8 8 63 36
n02330245_7727 91 126 385 487
n02330245_5910 76 48 388 333
n02330245_8895 50 97 439 250
n02330245_330 165 3 499 269
n02330245_367 48 63 412 378
n02330245_3938 86 73 416 357
n02330245_5874 116 14 410 315
n02330245_1990 57 128 393 424
n02330245_8456 15 118 498 385
n02330245_7378 40 90 462 296
n02330245_7230 38 75 463 275
n02330245_9206 112 24 499 273
n02330245_7726 2 42 298 373
n02330245_3261 44 88 437 307
n02330245_11428 52 40 364 388
n02330245_287 38 32 208 186
n02330245_8924 78 88 303 466
n02330245_576 42 29 498 254
n02330245_10791 64 65 333 399
n02330245_980 77 71 307 437
n02330245_8711 65 130 261 482
n02330245_10061 12 43 184 134
n02330245_9358 0 35 400 297
n02330245_207 153 140 398 498
n02330245_6484 177 32 420 309
n02330245_8735 59 31 425 276
n02330245_8779 18 26 341 349
n02330245_10088 171 19 454 272
n02330245_9599 217 0 499 253
n02330245_10036 173 51 499 297
n02330245_9622 153 86 432 373
n02330245_10039 116 98 470 498
n02330245_12787 75 98 345 498
n02330245_4886 24 86 484 311
n02330245_6604 9 26 157 146
n02330245_4779 69 73 499 256
n02330245_303 38 61 487 304
n02330245_3746 54 35 448 327
n02330245_1827 1 26 206 197
n02330245_5537 0 7 139 114
n02330245_1809 33 44 449 309
n02330245_5981 95 52 290 448
n02330245_16405 43 44 466 276
n02330245_14222 91 17 279 184
n02330245_2085 68 1 393 344
n02330245_7407 134 148 499 332
n02330245_9874 148 62 407 329
n02330245_5894 76 6 254 288
n02330245_15446 180 42 455 363
n02330245_10620 4 81 423 349
n02330245_10814 49 0 322 273
n02330245_8163 66 101 404 321
n02330245_14629 135 88 433 420
n02330245_9007 168 35 438 310
n02330245_3922 34 37 180 303
n02330245_16926 68 125 485 488
n02330245_12460 192 23 497 341
n02330245_9889 161 107 499 323
n02330245_5043 137 68 442 376
n02330245_3252 147 87 437 324
n02330245_9019 1 15 436 295
n02330245_14459 197 24 499 235
n02330245_2993 123 41 404 296
n02330245_15068 159 32 419 307
n02330245_12123 32 23 296 238
n02330245_8869 68 34 452 324
n02330245_8442 66 77 270 377
n02330245_2316 84 88 387 363
n02330245_137 201 78 499 306
n02330245_10196 67 36 462 335
n02330245_6952 133 46 380 421
n02330245_10484 37 48 233 415
n02330245_12870 119 79 450 277
n02330245_9246 86 40 362 260
n02330245_10785 45 48 356 174
