n02444819_5305 191 2 499 305
n02444819_9266 12 26 375 257
n02444819_13017 32 90 430 248
n02444819_5853 118 51 379 238
n02444819_4309 144 104 498 374
n02444819_12918 45 79 495 264
n02444819_4311 41 108 275 498
n02444819_4982 4 75 443 296
n02444819_890 76 34 308 248
n02444819_363 47 3 133 106
n02444819_7076 51 74 494 209
n02444819_1054 58 62 488 260
n02444819_10449 0 43 164 148
n02444819_6803 41 102 272 445
n02444819_9471 0 66 391 267
n02444819_4630 44 132 498 327
n02444819_4363 9 43 266 186
n02444819_96 6 11 332 255
n02444819_5288 90 159 655 482
n02444819_457 16 32 233 215
n02444819_5422 36 61 332 360
n02444819_4215 61 87 499 314
n02444819_6044 1 62 329 332
n02444819_3893 0 30 451 230
n02444819_3790 1 76 445 301
n02444819_12035 20 86 433 298
n02444819_3689 86 114 499 325
n02444819_13011 94 83 392 374
n02444819_11929 141 49 394 349
n02444819_1481 137 97 449 374
n02444819_1381 0 99 451 366
n02444819_4092 28 18 199 112
n02444819_1644 1 72 294 333
n02444819_483 2 44 223 242
n02444819_7997 36 69 270 394
n02444819_938 17 12 159 82
n02444819_11011 94 66 379 273
n02444819_8294 1 3 244 352
n02444819_621 50 50 167 338
n02444819_12288 73 80 361 374
n02444819_2141 82 0 397 303
n02444819_3849 22 52 320 303
n02444819_9324 101 85 499 346
n02444819_2685 187 94 499 332
n02444819_7740 33 97 498 276
n02444819_4412 20 65 367 332
n02444819_13125 94 100 499 375
n02444819_9539 3 6 347 276
n02444819_7763 51 71 332 333
n02444819_5921 131 8 389 246
n02444819_1009 2 32 368 235
n02444819_6681 6 56 333 307
n02444819_5873 17 50 379 291
n02444819_8505 104 8 352 227
n02444819_3730 27 13 253 341
n02444819_602 123 63 399 324
n02444819_3852 27 80 321 325
n02444819_6303 126 40 475 328
n02444819_7272 120 76 388 271
n02444819_5286 36 23 283 176
n02444819_228 86 66 343 315
n02444819_10989 128 20 481 156
n02444819_10896 8 134 499 278
n02444819_10012 0 80 402 319
n02444819_699 18 16 153 162
n02444819_825 0 76 244 337
n02444819_6489 20 57 338 320
n02444819_8944 134 64 499 332
n02444819_972 1 108 343 498
n02444819_5158 68 21 425 343
n02444819_5212 46 62 261 246
n02444819_7080 15 17 200 113
n02444819_2482 37 169 453 356
n02444819_7882 1 95 413 292
n02444819_7071 95 64 387 295
n02444819_6055 219 67 471 382
n02444819_1906 81 103 464 279
n02444819_1311 0 92 276 498
n02444819_9323 63 39 499 268
n02444819_7061 74 19 393 332
n02444819_9547 33 54 257 158
n02444819_9206 161 1 499 334
n02444819_8182 0 134 497 341
n02444819_138 151 18 499 289
n02444819_5297 99 67 361 342
n02444819_5913 0 43 343 258
n02444819_8589 34 76 405 288
n02444819_5196 63 69 475 329
n02444819_675 47 11 362 332
n02444819_6852 40 124 465 297
n02444819_10565 50 19 149 126
n02444819_8833 13 23 157 192
n02444819_2984 85 86 499 362
n02444819_2234 44 35 389 330
n02444819_1853 135 53 499 332
n02444819_7769 12 66 432 339
n02444819_2747 87 203 373 456
n02444819_4152 51 39 462 289
n02444819_11921 0 156 342 496
n02444819_7311 16 57 132 270
