n02433925_21824 101 37 404 311
n02433925_18505 54 60 408 293
n02433925_22168 82 11 348 326
n02433925_24292 114 15 396 352
n02433925_25195 123 52 390 485
n02433925_28338 128 59 490 284
n02433925_20551 14 34 301 330
n02433925_19452 0 45 245 498
n02433925_20671 128 19 429 288
n02433925_820 27 8 95 122
n02433925_12946 85 7 249 496
n02433925_54 28 19 342 372
n02433925_18714 56 75 336 395
n02433925_24981 96 0 379 348
n02433925_5943 44 1 360 313
n02433925_14884 28 67 240 241
n02433925_5089 75 13 342 307
n02433925_31617 159 0 452 212
n02433925_23657 30 13 217 143
n02433925_4500 105 8 404 302
n02433925_23174 88 55 414 294
n02433925_15161 3 96 404 317
n02433925_5947 39 61 421 324
n02433925_6562 131 50 330 497
n02433925_6454 9 25 67 108
n02433925_5916 72 0 414 261
n02433925_8260 124 99 779 545
n02433925_26010 34 7 318 277
n02433925_29672 0 30 84 146
n02433925_8782 28 19 209 116
n02433925_18395 42 42 380 307
n02433925_18307 114 38 430 311
n02433925_17125 36 98 277 472
n02433925_19200 246 4 495 348
n02433925_11939 1 9 120 93
n02433925_9391 68 16 270 492
n02433925_20149 163 21 505 363
n02433925_18467 47 26 416 256
n02433925_16620 111 47 400 339
n02433925_9251 32 20 167 121
n02433925_12638 114 16 390 320
n02433925_4508 135 33 457 319
n02433925_3460 61 20 156 99
n02433925_6443 52 53 412 310
n02433925_11772 76 101 300 431
n02433925_26618 64 48 427 304
n02433925_2874 84 43 391 283
n02433925_21082 71 52 372 461
n02433925_25821 202 0 420 374
n02433925_14619 109 3 329 328
n02433925_11718 73 7 420 282
n02433925_25058 107 49 471 331
n02433925_17979 168 0 496 327
n02433925_24619 112 3 402 333
n02433925_2525 177 54 459 337
n02433925_6254 0 147 271 473
n02433925_23703 70 66 360 340
n02433925_8068 5 46 409 284
n02433925_7517 74 67 583 391
n02433925_23371 66 26 449 307
n02433925_9768 0 102 276 498
n02433925_746 35 8 111 96
n02433925_25737 43 40 427 294
n02433925_5991 139 27 447 279
n02433925_3959 1 2 335 334
n02433925_23127 34 7 139 95
n02433925_12579 51 0 349 374
n02433925_23052 63 9 265 235
n02433925_18846 5 157 251 430
n02433925_9662 268 31 628 435
n02433925_28954 159 36 499 367
n02433925_8793 38 2 103 94
n02433925_23195 146 17 476 322
n02433925_28919 121 1 425 374
n02433925_19629 178 53 445 298
n02433925_10558 19 10 283 232
n02433925_15555 75 1 295 465
n02433925_19938 152 24 625 501
n02433925_16559 20 145 326 396
n02433925_9771 181 39 510 357
n02433925_22554 53 56 225 381
n02433925_12833 22 77 486 327
n02433925_18207 80 140 385 374
n02433925_2887 0 111 253 393
n02433925_98 63 9 286 242
n02433925_8811 0 0 320 365
n02433925_30211 51 59 190 250
n02433925_22295 64 17 420 309
n02433925_16977 13 11 65 91
n02433925_10693 0 104 446 372
n02433925_20579 255 0 436 332
n02433925_6721 47 3 207 137
n02433925_22473 27 1 373 310
n02433925_4263 223 183 692 548
n02433925_26199 55 82 335 283
n02433925_14546 31 36 417 350
n02433925_31471 3 25 163 128
n02433925_25239 91 110 344 369
n02433925_29104 13 9 100 153
n02433925_22750 100 13 336 258
