n02430045_5081 36 37 225 478
n02430045_4478 81 61 388 367
n02430045_4675 48 0 298 332
n02430045_5938 161 2 419 364
n02430045_4321 127 4 386 324
n02430045_6433 72 32 355 383
n02430045_1040 77 38 434 375
n02430045_11648 72 64 392 359
n02430045_4720 39 105 394 387
n02430045_2406 95 60 475 309
n02430045_3398 120 129 499 374
n02430045_6875 41 111 459 333
n02430045_95 8 171 442 399
n02430045_7318 132 1 387 373
n02430045_6665 0 72 316 333
n02430045_4084 93 27 467 281
n02430045_4090 100 17 377 331
n02430045_2345 92 40 362 331
n02430045_2678 13 101 369 356
n02430045_2559 153 94 498 331
n02430045_5606 115 0 303 298
n02430045_5435 137 13 426 295
n02430045_3940 22 155 467 372
n02430045_6254 113 125 489 357
n02430045_4274 100 14 354 398
n02430045_2189 15 65 348 348
n02430045_4584 86 43 316 443
n02430045_142 63 32 361 392
n02430045_4081 31 78 360 372
n02430045_4855 129 5 401 322
n02430045_3307 83 27 316 303
n02430045_3811 102 55 418 372
n02430045_5806 80 16 353 320
n02430045_12146 36 42 403 278
n02430045_12072 98 39 384 319
n02430045_2311 56 57 365 373
n02430045_4627 67 33 345 377
n02430045_3161 85 30 373 332
n02430045_791 92 0 354 374
n02430045_3391 7 84 305 306
n02430045_246 157 22 436 400
n02430045_5322 64 59 453 312
n02430045_5923 120 14 387 375
n02430045_4574 48 63 340 331
n02430045_3448 0 109 374 374
n02430045_4617 101 46 340 415
n02430045_3978 111 11 387 337
n02430045_4220 4 6 288 294
n02430045_1134 131 6 426 302
n02430045_3954 108 42 393 347
n02430045_5217 135 20 298 498
n02430045_3689 62 35 367 332
n02430045_781 26 115 335 450
n02430045_469 122 59 411 321
n02430045_6571 128 32 432 331
n02430045_4484 200 23 482 277
n02430045_3036 76 65 396 364
n02430045_5798 162 153 832 718
n02430045_5559 117 155 456 487
n02430045_6022 64 45 334 365
n02430045_4318 47 87 340 374
n02430045_1943 128 36 393 382
n02430045_2811 38 121 423 434
n02430045_2893 127 36 465 310
n02430045_2635 49 51 450 321
n02430045_4540 56 154 333 469
n02430045_3575 81 47 419 356
n02430045_752 119 14 350 416
n02430045_3231 71 27 286 457
n02430045_3490 100 52 400 329
n02430045_3429 122 19 357 332
n02430045_40 26 11 248 453
n02430045_12491 127 69 406 332
n02430045_3160 0 22 143 170
n02430045_5648 87 42 371 300
n02430045_6047 127 0 416 324
n02430045_4083 129 61 432 301
n02430045_4897 16 114 220 483
n02430045_203 35 17 175 142
n02430045_991 100 39 414 487
n02430045_6981 107 86 469 325
n02430045_3333 58 20 148 167
n02430045_5948 101 150 333 498
n02430045_5286 78 95 277 452
n02430045_9927 161 115 499 325
n02430045_2381 50 81 441 352
n02430045_3486 108 11 406 392
n02430045_3912 65 112 412 416
n02430045_1560 69 35 422 311
n02430045_3072 130 35 469 338
n02430045_9307 49 49 442 313
n02430045_11610 89 96 449 341
n02430045_2628 36 64 296 332
n02430045_2966 131 77 323 490
n02430045_5123 98 25 392 291
n02430045_2612 1 111 252 498
n02430045_2944 88 33 411 389
n02430045_2185 0 19 450 263
n02430045_2499 57 55 308 498
n02430045_4555 100 87 430 339
