n02432983_8801 2 126 307 400
n02432983_12479 129 4 382 373
n02432983_19937 25 66 286 387
n02432983_17304 85 49 405 375
n02432983_21936 58 35 373 416
n02432983_23255 51 92 406 359
n02432983_20456 141 26 476 303
n02432983_10496 121 37 413 472
n02432983_126 92 1 430 243
n02432983_22285 66 106 469 334
n02432983_22003 219 26 497 332
n02432983_2308 102 33 374 333
n02432983_12656 108 36 407 342
n02432983_21640 89 41 414 341
n02432983_20813 142 118 499 374
n02432983_17706 88 146 330 481
n02432983_20753 15 75 337 374
n02432983_20980 0 30 400 258
n02432983_1269 101 67 397 451
n02432983_21870 37 77 371 385
n02432983_755 72 24 383 335
n02432983_15141 118 100 498 418
n02432983_9228 70 6 359 364
n02432983_5026 112 31 419 348
n02432983_26948 143 91 492 371
n02432983_12700 183 43 491 302
n02432983_5478 41 51 284 400
n02432983_20626 22 131 262 476
n02432983_3253 60 100 310 450
n02432983_18278 130 45 431 374
n02432983_2699 117 39 490 275
n02432983_16255 26 51 359 369
n02432983_9121 52 12 338 318
n02432983_13946 74 48 399 374
n02432983_21334 50 23 400 308
n02432983_10633 134 17 437 310
n02432983_26867 98 43 476 312
n02432983_16049 59 17 358 324
n02432983_22401 139 42 436 317
n02432983_4807 70 19 347 359
n02432983_22568 38 32 371 287
n02432983_23378 92 55 398 301
n02432983_19180 133 12 440 311
n02432983_4669 87 40 365 291
n02432983_80 139 49 473 360
n02432983_9348 20 68 331 248
n02432983_11194 97 36 348 331
n02432983_22584 86 86 417 337
n02432983_11955 76 50 721 511
n02432983_16580 167 51 440 452
n02432983_5034 106 33 416 399
n02432983_21394 132 22 379 351
n02432983_22384 168 107 638 608
n02432983_21644 79 56 395 327
n02432983_23199 66 58 332 327
n02432983_13340 142 36 387 327
n02432983_27193 68 41 313 332
n02432983_22463 13 135 347 374
n02432983_9090 109 102 745 513
n02432983_23360 28 70 463 339
n02432983_22237 113 42 384 297
n02432983_30 54 85 347 348
n02432983_7830 51 63 409 307
n02432983_21495 37 4 176 166
n02432983_9743 113 100 418 321
n02432983_20535 69 0 363 228
n02432983_26718 68 43 368 266
n02432983_23287 41 41 294 437
n02432983_27024 120 29 355 311
n02432983_20984 76 20 420 312
n02432983_4996 104 8 497 292
n02432983_12912 128 62 372 333
n02432983_11600 88 81 443 290
n02432983_15313 55 62 258 398
n02432983_7886 136 1 479 309
n02432983_20607 47 65 326 326
n02432983_8470 28 103 302 356
n02432983_15659 59 18 308 277
n02432983_21736 161 29 499 332
n02432983_15243 67 25 284 497
n02432983_20170 126 45 349 332
n02432983_4383 33 27 429 395
n02432983_21900 28 2 330 342
n02432983_4368 44 23 407 342
n02432983_4351 15 47 249 478
n02432983_8502 104 81 367 353
n02432983_19857 100 17 383 304
n02432983_8562 128 70 435 297
n02432983_8815 33 2 358 364
n02432983_6540 149 11 383 308
n02432983_22691 0 0 316 332
n02432983_19506 66 86 336 330
n02432983_3599 123 14 453 374
n02432983_24691 78 174 533 562
n02432983_19776 85 12 429 320
n02432983_13329 40 20 269 483
n02432983_17148 60 64 318 297
n02432983_22422 136 17 402 271
n02432983_21622 55 34 390 207
n02432983_15025 137 12 403 234
