n02442845_5529 144 47 434 352
n02442845_22068 88 47 452 296
n02442845_10779 22 13 134 132
n02442845_26168 15 70 400 282
n02442845_24380 87 17 392 296
n02442845_20453 60 90 351 405
n02442845_23890 120 26 396 390
n02442845_7991 25 21 150 123
n02442845_22338 18 72 459 265
n02442845_25189 25 78 276 402
n02442845_17075 25 70 353 329
n02442845_9367 10 45 219 493
n02442845_3228 127 31 445 326
n02442845_6390 64 89 445 300
n02442845_5483 2 52 281 220
n02442845_2562 0 98 457 293
n02442845_5747 32 14 154 137
n02442845_10796 71 21 393 283
n02442845_11835 28 84 469 263
n02442845_17332 126 38 429 271
n02442845_5441 4 33 103 137
n02442845_2756 0 114 455 309
n02442845_14245 1 0 450 196
n02442845_7999 0 62 406 279
n02442845_593 7 49 301 359
n02442845_7981 118 63 424 317
n02442845_3285 127 0 402 320
n02442845_5872 149 36 411 354
n02442845_2192 24 23 212 169
n02442845_15773 102 20 356 326
n02442845_3174 97 14 398 198
n02442845_1772 155 147 465 498
n02442845_10272 54 54 448 277
n02442845_1902 166 59 499 363
n02442845_22499 206 36 479 318
n02442845_25892 81 0 408 274
n02442845_9538 0 15 93 121
n02442845_9742 20 18 116 199
n02442845_12547 27 105 308 448
n02442845_7216 0 0 346 260
n02442845_3983 24 21 149 128
n02442845_6691 0 72 426 388
n02442845_1065 0 37 306 332
n02442845_9369 1 4 420 370
n02442845_5953 131 71 497 280
n02442845_4059 101 37 499 228
n02442845_9033 28 73 384 315
n02442845_8325 45 90 372 322
n02442845_2271 32 18 168 85
n02442845_2555 0 64 412 269
n02442845_4907 145 1 448 279
n02442845_4314 40 67 485 299
n02442845_22028 211 47 484 321
n02442845_331 15 162 291 433
n02442845_8866 198 140 1097 1118
n02442845_20574 80 11 414 306
n02442845_10776 3 50 276 178
n02442845_2266 149 76 499 364
n02442845_1599 11 101 432 278
n02442845_4505 1 15 149 131
n02442845_14538 170 39 459 296
n02442845_985 23 30 136 192
n02442845_3567 64 43 459 303
n02442845_4102 121 8 429 346
n02442845_3893 36 98 445 335
n02442845_5627 35 90 290 498
n02442845_13596 67 65 401 423
n02442845_5755 80 138 1006 614
n02442845_7588 14 0 309 153
n02442845_11684 1 90 658 410
n02442845_9686 62 17 267 298
n02442845_5012 108 16 384 224
n02442845_1031 65 70 335 467
n02442845_19689 132 63 449 304
n02442845_6545 53 71 330 412
n02442845_9340 111 55 373 329
n02442845_6991 21 12 68 149
n02442845_7011 9 71 390 259
n02442845_11358 44 78 478 277
n02442845_9125 91 28 374 279
n02442845_838 201 45 463 372
n02442845_3813 4 81 244 246
n02442845_6037 154 82 705 453
n02442845_17571 31 98 439 242
n02442845_9687 11 82 357 280
n02442845_6297 51 17 240 109
n02442845_6398 28 56 135 163
n02442845_6247 97 63 413 301
n02442845_19814 70 66 439 328
n02442845_9307 23 31 267 153
n02442845_22137 143 74 479 283
n02442845_7885 1 107 444 283
n02442845_188 3 94 452 277
n02442845_2630 58 109 416 340
n02442845_488 63 74 439 278
n02442845_724 132 85 345 456
n02442845_9491 91 113 333 501
n02442845_4710 64 35 297 148
n02442845_5103 9 46 174 262
n02442845_88 40 27 180 187
