n02410509_124 27 49 297 204
n02410509_2235 95 69 433 346
n02410509_3358 19 96 433 297
n02410509_1576 138 71 492 338
n02410509_987 66 69 341 250
n02410509_647 242 48 638 440
n02410509_7940 89 109 444 370
n02410509_804 126 92 361 477
n02410509_233 0 79 349 374
n02410509_979 110 56 478 287
n02410509_526 161 90 811 494
n02410509_970 183 49 499 305
n02410509_8598 25 79 421 309
n02410509_9877 53 90 434 315
n02410509_1135 178 12 474 346
n02410509_620 110 16 394 318
n02410509_810 58 73 430 333
n02410509_3482 55 84 447 332
n02410509_5322 119 50 476 322
n02410509_45 0 28 273 486
n02410509_15 248 15 499 347
n02410509_8880 57 92 462 334
n02410509_4703 40 52 285 223
n02410509_1542 33 57 142 272
n02410509_873 54 29 322 239
n02410509_506 18 38 177 183
n02410509_159 136 51 449 331
n02410509_3285 30 82 450 318
n02410509_891 70 48 427 293
n02410509_2068 20 79 450 310
n02410509_6286 92 36 475 273
n02410509_6540 87 74 447 351
n02410509_1552 80 57 445 238
n02410509_290 125 24 378 331
n02410509_1063 64 108 366 532
n02410509_65 76 90 328 557
n02410509_6605 8 86 370 332
n02410509_8508 99 75 489 273
n02410509_821 14 56 198 206
n02410509_7049 0 54 238 237
n02410509_428 58 1 312 287
n02410509_1509 77 65 474 293
n02410509_7776 114 10 396 371
n02410509_4473 67 63 303 426
n02410509_9144 202 27 499 332
n02410509_193 36 46 268 184
n02410509_6660 30 97 435 307
n02410509_123 131 59 440 334
n02410509_1427 89 70 404 328
n02410509_10369 99 36 404 282
n02410509_1275 0 29 303 332
n02410509_520 53 97 513 384
n02410509_2252 39 67 467 309
n02410509_513 7 49 164 127
n02410509_1520 26 26 165 185
n02410509_1624 115 21 424 262
n02410509_1164 9 83 366 292
n02410509_112 72 53 411 273
n02410509_2272 57 35 380 321
n02410509_9754 94 79 458 283
n02410509_1858 47 68 474 284
n02410509_6299 89 31 427 340
n02410509_637 0 60 459 262
n02410509_337 146 129 677 529
n02410509_1924 107 11 391 264
n02410509_2380 63 57 366 299
n02410509_1663 0 0 254 367
n02410509_1658 0 57 351 324
n02410509_8 14 40 412 276
n02410509_2914 69 140 462 386
n02410509_1332 45 25 166 102
n02410509_6181 19 18 225 180
n02410509_7999 104 48 335 332
n02410509_671 70 52 324 417
n02410509_1749 11 31 107 96
n02410509_1745 51 92 416 312
n02410509_6992 119 85 457 322
n02410509_613 120 103 455 411
n02410509_352 411 216 1485 975
n02410509_765 253 221 891 624
n02410509_35 26 18 147 123
n02410509_918 53 32 272 471
n02410509_336 143 59 473 315
n02410509_1690 115 54 751 490
n02410509_1097 68 37 222 239
n02410509_2533 66 12 276 300
n02410509_371 10 112 479 280
n02410509_2709 112 6 499 261
n02410509_388 83 32 417 358
n02410509_3354 71 111 451 331
n02410509_8613 7 100 360 297
n02410509_732 185 57 472 299
n02410509_1160 0 39 327 374
n02410509_8503 23 52 480 301
n02410509_1336 158 63 418 330
n02410509_1199 52 79 377 291
n02410509_899 114 88 499 374
n02410509_586 49 75 468 355
n02410509_727 8 75 393 330
n02410509_2864 30 55 494 295
