n02439033_9261 0 86 313 386
n02439033_7709 207 52 499 374
n02439033_628 77 38 363 366
n02439033_15936 106 52 346 498
n02439033_9257 64 41 352 374
n02439033_15453 63 98 303 497
n02439033_14248 58 0 188 94
n02439033_1508 185 80 493 374
n02439033_10811 0 32 263 374
n02439033_991 86 108 348 451
n02439033_8146 14 20 99 172
n02439033_8846 82 146 335 498
n02439033_13192 16 41 257 408
n02439033_11504 124 95 499 331
n02439033_14040 0 63 330 332
n02439033_15540 61 78 279 427
n02439033_1059 70 137 610 895
n02439033_5233 69 24 299 164
n02439033_9425 15 35 314 361
n02439033_569 67 33 307 386
n02439033_3672 41 3 116 83
n02439033_10435 3 58 209 496
n02439033_13641 32 100 346 373
n02439033_10491 118 26 300 497
n02439033_12680 60 57 266 498
n02439033_8875 67 162 469 374
n02439033_11114 0 59 471 277
n02439033_16038 79 37 394 348
n02439033_14784 123 70 431 457
n02439033_11130 142 139 499 374
n02439033_14361 7 98 313 372
n02439033_14609 0 172 318 498
n02439033_12059 33 81 330 431
n02439033_2969 74 108 609 486
n02439033_67 112 7 262 498
n02439033_3364 105 2 387 332
n02439033_6115 126 57 326 470
n02439033_13513 0 0 179 189
n02439033_12087 82 45 203 498
n02439033_12485 97 18 395 333
n02439033_14497 103 83 325 498
n02439033_1917 23 23 121 176
n02439033_13236 164 146 739 721
n02439033_15401 32 63 384 332
n02439033_7031 54 13 554 231
n02439033_358 240 65 498 374
n02439033_221 0 82 231 498
n02439033_10440 0 120 254 498
n02439033_655 10 12 59 94
n02439033_12987 102 37 377 498
n02439033_11059 80 117 298 435
n02439033_10914 120 58 469 401
n02439033_9652 185 88 435 498
n02439033_11273 164 58 407 373
n02439033_15387 6 11 61 83
n02439033_11216 73 0 300 437
n02439033_12292 101 36 246 498
n02439033_11894 37 93 269 459
n02439033_14148 1 122 201 448
n02439033_2677 46 138 270 427
n02439033_13032 1 49 138 152
n02439033_15866 195 25 499 253
n02439033_11715 57 98 240 498
n02439033_9604 138 80 395 332
n02439033_10453 192 0 499 374
n02439033_3912 0 88 196 299
n02439033_11845 149 26 480 374
n02439033_14060 93 62 336 365
n02439033_12939 127 52 288 498
n02439033_9719 128 54 499 330
n02439033_3944 25 34 439 315
n02439033_11467 101 0 414 374
n02439033_11971 50 51 398 315
n02439033_13586 182 89 427 374
n02439033_16846 18 29 59 116
n02439033_10255 89 17 445 334
n02439033_1790 2 102 388 798
n02439033_16883 38 37 163 248
n02439033_534 14 3 75 106
n02439033_14637 25 16 200 388
n02439033_13430 21 102 324 452
n02439033_11666 69 60 545 430
n02439033_14633 72 13 223 498
n02439033_3498 78 70 286 356
n02439033_10541 11 21 359 297
n02439033_15177 107 30 288 265
n02439033_14764 129 56 343 365
n02439033_4601 40 26 281 473
n02439033_9398 111 15 449 399
n02439033_2500 47 7 296 498
n02439033_8789 174 34 363 374
n02439033_14140 58 50 327 493
n02439033_10967 166 10 350 329
n02439033_14580 25 5 365 348
n02439033_10911 0 40 191 322
n02439033_14705 68 94 283 374
n02439033_2165 0 2 406 281
n02439033_14600 0 56 412 331
n02439033_9472 134 74 299 453
n02439033_1327 167 43 358 320
