n02411705_5228 126 36 417 360
n02411705_1556 122 40 489 294
n02411705_127 11 27 188 141
n02411705_1113 87 58 384 332
n02411705_15311 133 31 438 349
n02411705_11151 172 12 447 279
n02411705_369 116 0 360 323
n02411705_4436 0 77 189 299
n02411705_14480 14 77 339 306
n02411705_4574 7 58 487 256
n02411705_8855 39 35 345 275
n02411705_16336 42 47 449 290
n02411705_1215 20 101 483 341
n02411705_11651 45 75 344 390
n02411705_15425 141 50 487 486
n02411705_3880 67 69 365 286
n02411705_17112 23 2 199 100
n02411705_12072 80 35 470 261
n02411705_2240 100 21 341 312
n02411705_11045 15 50 323 417
n02411705_13422 44 0 559 406
n02411705_3872 4 120 330 304
n02411705_2602 194 107 462 328
n02411705_5860 138 95 414 337
n02411705_15021 145 0 481 323
n02411705_2809 42 10 238 287
n02411705_15906 42 71 364 249
n02411705_9834 0 220 418 374
n02411705_7339 31 136 331 374
n02411705_14508 178 68 794 526
n02411705_11918 117 28 384 260
n02411705_1728 150 81 403 327
n02411705_6534 50 93 277 328
n02411705_8877 123 117 400 333
n02411705_12044 8 12 99 87
n02411705_320 17 23 227 200
n02411705_13968 0 6 441 300
n02411705_5619 137 13 499 312
n02411705_8047 274 123 499 374
n02411705_16215 8 67 494 373
n02411705_912 40 35 310 206
n02411705_5900 131 75 404 247
n02411705_10234 284 98 495 363
n02411705_9884 143 60 368 262
n02411705_1573 80 160 288 275
n02411705_5574 119 92 316 351
n02411705_3486 102 114 308 332
n02411705_14647 146 78 338 305
n02411705_13729 107 15 499 329
n02411705_9422 91 1 499 285
n02411705_10740 1 35 280 238
n02411705_15870 154 101 394 293
n02411705_9791 353 54 499 332
n02411705_15997 161 103 385 305
n02411705_14656 0 1 405 469
n02411705_5902 303 47 461 292
n02411705_13031 0 38 419 494
n02411705_6015 117 59 319 231
n02411705_2359 174 136 370 322
n02411705_4023 145 83 347 263
n02411705_10117 74 28 499 374
n02411705_2742 215 134 415 334
n02411705_7686 39 11 393 308
n02411705_7712 16 15 192 204
n02411705_8514 1 0 420 402
n02411705_6586 0 0 415 365
n02411705_6400 0 0 406 374
n02411705_5029 0 140 171 310
n02411705_530 32 36 762 447
n02411705_12506 5 40 363 496
n02411705_13385 46 3 298 179
n02411705_1324 181 81 292 367
n02411705_2799 43 119 240 281
n02411705_6501 61 211 259 336
n02411705_1396 98 111 221 320
n02411705_16432 0 17 184 235
n02411705_11690 149 118 322 279
n02411705_3384 105 241 278 405
n02411705_10440 9 141 218 266
n02411705_3743 127 125 321 242
n02411705_10461 140 165 282 344
n02411705_4761 2 12 331 478
n02411705_4709 156 153 313 306
n02411705_6536 2 9 233 182
n02411705_12831 5 13 293 226
n02411705_10265 27 16 498 331
n02411705_13543 238 93 369 231
n02411705_16324 0 12 357 498
n02411705_4773 0 0 372 451
n02411705_9558 151 232 347 385
n02411705_11358 124 268 314 355
n02411705_5615 110 152 204 308
n02411705_4399 6 23 497 402
n02411705_6546 150 90 342 195
n02411705_4643 1 0 306 372
n02411705_5830 0 1 472 374
n02411705_9512 67 96 126 137
n02411705_5641 237 180 347 253
n02411705_12249 74 192 159 256
n02411705_7646 380 137 470 209
