n02445715_12294 0 75 287 401
n02445715_12806 95 24 327 402
n02445715_14102 171 87 497 373
n02445715_6652 87 21 376 286
n02445715_4333 87 23 378 397
n02445715_14026 38 0 211 220
n02445715_16057 14 59 319 368
n02445715_7861 51 32 418 295
n02445715_676 62 17 317 416
n02445715_3285 12 38 211 211
n02445715_15405 99 0 479 396
n02445715_4809 1 39 482 238
n02445715_14253 0 52 365 286
n02445715_6146 49 116 471 333
n02445715_2649 29 1 138 146
n02445715_4374 75 20 265 447
n02445715_6597 8 31 141 92
n02445715_14149 64 93 420 348
n02445715_9641 147 29 420 324
n02445715_5710 65 42 308 209
n02445715_8333 94 28 394 352
n02445715_15918 2 97 431 307
n02445715_8492 22 21 140 158
n02445715_14037 28 81 373 332
n02445715_10655 0 240 1524 927
n02445715_10619 9 95 421 301
n02445715_3852 0 42 327 285
n02445715_16892 73 15 326 329
n02445715_758 22 38 376 284
n02445715_11052 38 36 378 289
n02445715_15218 81 28 422 289
n02445715_15505 34 0 179 165
n02445715_5922 17 28 362 283
n02445715_9437 0 1 336 235
n02445715_17705 50 2 214 223
n02445715_14406 95 0 390 294
n02445715_5206 3 25 134 94
n02445715_754 111 37 451 329
n02445715_2701 196 16 560 400
n02445715_13920 148 1 409 337
n02445715_3762 17 35 238 135
n02445715_15523 78 92 495 302
n02445715_16350 1 1 392 257
n02445715_5447 106 21 485 226
n02445715_6649 93 57 340 451
n02445715_2274 184 0 499 279
n02445715_6024 53 11 241 244
n02445715_3676 4 48 121 171
n02445715_162 7 14 178 95
n02445715_9117 46 88 373 397
n02445715_8459 0 105 550 346
n02445715_8200 96 9 379 320
n02445715_17242 102 23 468 259
n02445715_8387 129 45 332 399
n02445715_5012 72 88 332 436
n02445715_6102 56 103 620 373
n02445715_17466 10 39 297 308
n02445715_1023 9 24 148 99
n02445715_6576 39 10 159 197
n02445715_4005 174 120 691 410
n02445715_10804 40 12 336 391
n02445715_1511 58 44 347 311
n02445715_9952 258 8 665 808
n02445715_2897 127 6 383 355
n02445715_13371 16 7 380 290
n02445715_5551 1 58 225 257
n02445715_3339 57 7 340 332
n02445715_5103 16 46 183 168
n02445715_3773 21 43 274 165
n02445715_15596 42 0 199 136
n02445715_1122 35 66 408 289
n02445715_1946 94 91 499 320
n02445715_3616 15 39 421 210
n02445715_14689 89 0 416 285
n02445715_6791 110 2 395 374
n02445715_2726 39 0 355 319
n02445715_2901 61 15 171 186
n02445715_10068 100 12 303 411
n02445715_15446 33 34 439 274
n02445715_10858 11 76 358 285
n02445715_12044 111 1 388 256
n02445715_2 18 10 255 411
n02445715_2286 106 110 315 495
n02445715_3659 8 36 170 270
n02445715_15388 25 0 182 206
n02445715_12260 149 0 411 299
n02445715_5042 60 11 168 131
n02445715_6333 164 2 404 327
n02445715_8932 121 41 441 211
n02445715_15094 53 9 313 329
n02445715_11225 86 72 402 316
n02445715_4555 178 17 394 374
n02445715_17475 43 92 395 498
n02445715_11763 52 34 456 277
n02445715_16003 115 0 493 293
n02445715_10798 1 75 409 251
n02445715_15144 93 3 390 227
n02445715_8941 189 54 452 310
n02445715_953 87 0 398 319
n02445715_14831 175 0 382 325
