n02503517_5905 0 109 470 287
n02503517_6751 133 32 423 353
n02503517_3458 27 44 130 244
n02503517_2736 189 102 598 398
n02503517_3108 112 35 398 366
n02503517_6158 25 48 267 396
n02503517_10988 66 47 478 300
n02503517_10348 118 131 488 475
n02503517_2648 17 127 315 402
n02503517_5420 179 0 435 318
n02503517_1682 63 30 378 319
n02503517_1829 42 66 259 461
n02503517_10419 6 105 230 482
n02503517_8901 96 42 396 342
n02503517_623 64 44 229 352
n02503517_7083 34 56 378 312
n02503517_7173 58 66 336 320
n02503517_4754 41 100 235 491
n02503517_8222 184 23 433 332
n02503517_1898 71 167 332 498
n02503517_5418 67 92 401 350
n02503517_7888 37 135 518 392
n02503517_7031 82 61 365 330
n02503517_4413 68 108 422 370
n02503517_4221 134 7 372 323
n02503517_5849 14 30 372 318
n02503517_5134 54 47 342 316
n02503517_7020 0 60 224 475
n02503517_6892 14 27 189 177
n02503517_2993 45 72 275 478
n02503517_2057 41 39 379 210
n02503517_35 205 73 493 298
n02503517_759 37 97 423 374
n02503517_194 0 86 373 371
n02503517_6611 94 4 384 374
n02503517_8292 100 28 424 323
n02503517_4687 0 43 239 409
n02503517_951 27 46 217 274
n02503517_6032 230 0 399 267
n02503517_9208 54 40 216 169
n02503517_10119 4 17 114 165
n02503517_6429 79 112 499 374
n02503517_6511 118 104 427 350
n02503517_5287 190 9 418 371
n02503517_6718 0 103 300 327
n02503517_10372 0 74 133 200
n02503517_3808 166 33 414 302
n02503517_6396 0 8 309 400
n02503517_10036 74 82 357 345
n02503517_1984 56 43 334 235
n02503517_4911 190 58 572 842
n02503517_2444 88 17 409 374
n02503517_4253 1 90 330 400
n02503517_7340 174 0 483 331
n02503517_8938 123 93 405 370
n02503517_723 66 57 479 230
n02503517_8460 4 5 379 545
n02503517_11105 231 3 478 254
n02503517_8122 106 32 299 217
n02503517_2690 0 176 328 495
n02503517_3475 46 92 231 498
n02503517_9844 67 75 487 348
n02503517_7267 1 44 178 160
n02503517_6043 64 122 336 445
n02503517_7771 89 57 324 298
n02503517_9421 48 108 378 327
n02503517_9154 0 0 321 374
n02503517_5053 0 23 245 498
n02503517_86 7 20 364 364
n02503517_10857 2 55 326 297
n02503517_1787 69 49 383 249
n02503517_3799 138 28 342 310
n02503517_5004 115 20 292 309
n02503517_7900 96 44 386 263
n02503517_564 188 95 467 294
n02503517_1383 13 23 389 315
n02503517_2925 62 55 459 351
n02503517_7473 78 18 562 407
n02503517_8757 159 22 344 351
n02503517_6204 91 79 255 261
n02503517_7510 0 8 347 374
n02503517_311 234 74 442 332
n02503517_5267 123 126 410 336
n02503517_3037 107 0 499 308
n02503517_8477 1 69 435 331
n02503517_6624 141 13 499 333
n02503517_1312 132 0 478 457
n02503517_6666 180 127 436 354
n02503517_10300 69 6 422 373
n02503517_3879 110 3 465 369
n02503517_10440 83 85 359 270
n02503517_1292 31 96 273 306
n02503517_10439 73 11 443 364
n02503517_10111 52 1 499 261
n02503517_5527 176 66 435 284
n02503517_10778 30 38 478 298
n02503517_6232 35 33 299 475
n02503517_6661 88 102 337 327
n02503517_8205 113 70 316 345
n02503517_5699 137 8 499 332
